time /s	 Tra 3	Err 3	 Tra 1	Err 1	 Tra 2	Err 2	 Tra 4	Err 4
0.000	0.912	0.002	76.600	2.876	68.971	2.608	0.000	0.000
0.002	0.912	0.002	76.599	2.867	69.017	2.599	0.000	0.000
0.004	0.912	0.002	76.599	2.859	69.063	2.591	0.000	0.000
0.006	0.912	0.002	76.598	2.850	69.109	2.583	0.000	0.000
0.008	0.912	0.002	76.597	2.842	69.155	2.576	0.000	0.000
0.010	0.912	0.002	76.599	2.832	69.214	2.564	0.000	0.000
0.012	0.912	0.002	76.607	2.818	69.335	2.536	0.000	0.000
0.014	0.912	0.002	76.613	2.802	69.467	2.506	0.000	0.000
0.015	0.912	0.002	76.618	2.787	69.599	2.480	0.000	0.000
0.017	0.912	0.002	76.624	2.772	69.732	2.458	0.000	0.000
0.019	0.912	0.002	76.617	2.763	69.881	2.425	0.000	0.000
0.021	0.912	0.002	76.593	2.760	70.042	2.387	0.000	0.000
0.023	0.912	0.002	76.567	2.760	70.199	2.353	0.000	0.000
0.025	0.912	0.002	76.543	2.760	70.355	2.321	0.000	0.000
0.027	0.912	0.002	76.518	2.761	70.511	2.292	0.000	0.000
0.029	0.912	0.002	76.520	2.750	70.648	2.268	0.000	0.000
0.031	0.912	0.002	76.553	2.747	70.768	2.229	0.000	0.000
0.033	0.912	0.002	76.595	2.738	70.880	2.195	0.000	0.000
0.035	0.912	0.002	76.644	2.730	70.989	2.161	0.000	0.000
0.037	0.912	0.002	76.710	2.723	71.093	2.130	0.000	0.000
0.039	0.912	0.002	76.810	2.695	71.160	2.121	0.000	0.000
0.041	0.912	0.002	76.911	2.664	71.212	2.099	0.000	0.000
0.043	0.912	0.002	77.013	2.635	71.255	2.083	0.000	0.000
0.044	0.912	0.002	77.118	2.606	71.287	2.069	0.000	0.000
0.046	0.912	0.002	77.211	2.578	71.300	2.060	0.000	0.000
0.048	0.912	0.002	77.281	2.551	71.296	2.071	0.000	0.000
0.050	0.912	0.002	77.334	2.512	71.294	2.071	0.000	0.000
0.052	0.912	0.002	77.377	2.483	71.289	2.077	0.000	0.000
0.054	0.912	0.002	77.406	2.457	71.279	2.087	0.000	0.000
0.056	0.912	0.002	77.441	2.438	71.280	2.101	0.000	0.000
0.058	0.912	0.002	77.505	2.424	71.303	2.115	0.000	0.000
0.060	0.912	0.002	77.595	2.439	71.331	2.144	0.000	0.000
0.062	0.912	0.002	77.707	2.449	71.370	2.172	0.000	0.000
0.064	0.912	0.002	77.852	2.451	71.430	2.191	0.000	0.000
0.066	0.912	0.002	78.152	2.406	71.601	2.153	0.000	0.000
0.068	0.912	0.002	78.572	2.441	71.860	2.165	0.000	0.000
0.070	0.912	0.002	79.080	2.588	72.175	2.251	0.000	0.000
0.071	0.912	0.002	79.663	2.754	72.540	2.347	0.000	0.000
0.073	0.912	0.002	80.334	2.957	72.975	2.449	0.000	0.000
0.075	0.912	0.002	81.280	3.130	73.612	2.511	0.000	0.000
0.077	0.912	0.002	82.334	3.477	74.341	2.723	0.000	0.000
0.079	0.912	0.002	83.477	3.936	75.153	3.038	0.000	0.000
0.081	0.912	0.002	84.688	4.416	76.022	3.382	0.000	0.000
0.083	0.912	0.002	85.968	4.912	76.975	3.742	0.000	0.000
0.085	0.912	0.002	87.329	5.395	78.032	4.079	0.000	0.000
0.087	0.912	0.002	88.734	5.845	79.140	4.419	0.000	0.000
0.089	0.912	0.002	90.134	6.294	80.268	4.792	0.000	0.000
0.091	0.912	0.002	91.529	6.748	81.401	5.176	0.000	0.000
0.093	0.912	0.002	92.823	7.153	82.503	5.535	0.000	0.000
0.095	0.912	0.002	93.973	7.493	83.534	5.862	0.000	0.000
0.097	0.912	0.002	95.051	7.713	84.545	6.097	0.000	0.000
0.099	0.912	0.002	96.096	7.849	85.540	6.289	0.000	0.000
0.100	0.912	0.002	97.092	7.969	86.496	6.463	0.000	0.000
0.102	0.912	0.002	97.853	8.042	87.282	6.598	0.000	0.000
0.104	0.912	0.002	98.527	8.098	87.978	6.709	0.000	0.000
0.106	0.912	0.002	99.101	8.070	88.587	6.743	0.000	0.000
0.108	0.912	0.002	99.672	7.961	89.184	6.705	0.000	0.000
0.110	0.912	0.002	100.233	7.811	89.753	6.630	0.000	0.000
0.112	0.912	0.002	100.697	7.652	90.198	6.538	0.000	0.000
0.114	0.912	0.002	101.083	7.491	90.581	6.443	0.000	0.000
0.116	0.912	0.002	101.418	7.342	90.916	6.345	0.000	0.000
0.118	0.912	0.002	101.728	7.145	91.220	6.196	0.000	0.000
0.120	0.912	0.002	102.031	6.909	91.519	6.021	0.000	0.000
0.122	0.912	0.002	102.313	6.693	91.783	5.861	0.000	0.000
0.124	0.912	0.002	102.558	6.484	92.028	5.718	0.000	0.000
0.126	0.912	0.002	102.756	6.294	92.221	5.588	0.000	0.000
0.128	0.912	0.002	102.918	6.112	92.374	5.467	0.000	0.000
0.129	0.912	0.002	103.065	5.955	92.517	5.360	0.000	0.000
0.131	0.912	0.002	103.173	5.823	92.664	5.271	0.000	0.000
0.133	0.912	0.002	103.266	5.720	92.813	5.204	0.000	0.000
0.135	0.912	0.002	103.316	5.628	92.940	5.151	0.000	0.000
0.137	0.912	0.002	103.316	5.569	93.061	5.124	0.000	0.000
0.139	0.912	0.002	103.271	5.539	93.183	5.118	0.000	0.000
0.141	0.912	0.002	103.230	5.523	93.314	5.118	0.000	0.000
0.143	0.912	0.002	103.181	5.524	93.454	5.129	0.000	0.000
0.145	0.912	0.002	103.134	5.535	93.594	5.149	0.000	0.000
0.147	0.912	0.002	103.068	5.544	93.731	5.184	0.000	0.000
0.149	0.912	0.002	102.967	5.534	93.854	5.225	0.000	0.000
0.151	0.912	0.002	102.889	5.525	93.974	5.271	0.000	0.000
0.153	0.912	0.002	102.824	5.524	94.099	5.310	0.000	0.000
0.155	0.912	0.002	102.777	5.528	94.223	5.348	0.000	0.000
0.157	0.912	0.002	102.780	5.545	94.347	5.392	0.000	0.000
0.158	0.912	0.002	102.826	5.565	94.480	5.443	0.000	0.000
0.160	0.912	0.002	102.873	5.587	94.619	5.495	0.000	0.000
0.162	0.912	0.002	102.944	5.616	94.758	5.546	0.000	0.000
0.164	0.912	0.002	103.018	5.646	94.901	5.596	0.000	0.000
0.166	0.912	0.002	103.102	5.676	95.050	5.638	0.000	0.000
0.168	0.912	0.002	103.197	5.705	95.201	5.678	0.000	0.000
0.170	0.912	0.002	103.312	5.737	95.352	5.717	0.000	0.000
0.172	0.912	0.002	103.432	5.766	95.513	5.761	0.000	0.000
0.174	0.912	0.002	103.558	5.795	95.672	5.805	0.000	0.000
0.176	0.912	0.002	103.690	5.832	95.826	5.851	0.000	0.000
0.178	0.912	0.002	103.819	5.870	95.978	5.897	0.000	0.000
0.180	0.912	0.002	103.952	5.910	96.132	5.944	0.000	0.000
0.182	0.912	0.002	104.089	5.961	96.285	5.991	0.000	0.000
0.184	0.912	0.002	104.225	6.022	96.427	6.039	0.000	0.000
0.185	0.912	0.002	104.363	6.083	96.563	6.082	0.000	0.000
0.187	0.912	0.002	104.497	6.144	96.703	6.126	0.000	0.000
0.189	0.912	0.002	104.633	6.206	96.844	6.170	0.000	0.000
0.191	0.912	0.002	104.776	6.271	96.981	6.215	0.000	0.000
0.193	0.912	0.002	104.915	6.329	97.113	6.261	0.000	0.000
0.195	0.912	0.002	105.048	6.387	97.239	6.310	0.000	0.000
0.197	0.912	0.002	105.181	6.445	97.360	6.360	0.000	0.000
0.199	0.912	0.002	105.317	6.504	97.484	6.410	0.000	0.000
0.201	0.912	0.002	105.460	6.572	97.617	6.467	0.000	0.000
0.203	0.912	0.002	105.623	6.643	97.751	6.527	0.000	0.000
0.205	0.912	0.002	105.799	6.714	97.884	6.584	0.000	0.000
0.207	0.912	0.002	105.994	6.783	98.024	6.641	0.000	0.000
0.209	0.912	0.002	106.185	6.851	98.167	6.700	0.000	0.000
0.211	0.912	0.002	106.383	6.922	98.320	6.769	0.000	0.000
0.213	0.912	0.002	106.588	6.992	98.486	6.843	0.000	0.000
0.214	0.912	0.002	106.795	7.063	98.662	6.919	0.000	0.000
0.216	0.912	0.002	107.000	7.134	98.836	6.997	0.000	0.000
0.218	0.912	0.002	107.208	7.210	99.010	7.076	0.000	0.000
0.220	0.912	0.002	107.408	7.282	99.182	7.153	0.000	0.000
0.222	0.912	0.002	107.614	7.356	99.364	7.228	0.000	0.000
0.224	0.912	0.002	107.819	7.435	99.560	7.307	0.000	0.000
0.226	0.912	0.002	108.028	7.514	99.765	7.387	0.000	0.000
0.228	0.912	0.002	108.243	7.595	99.975	7.471	0.000	0.000
0.230	0.912	0.002	108.462	7.680	100.183	7.550	0.000	0.000
0.232	0.912	0.002	108.684	7.763	100.396	7.627	0.000	0.000
0.234	0.912	0.002	108.908	7.841	100.609	7.701	0.000	0.000
0.236	0.912	0.002	109.114	7.913	100.819	7.775	0.000	0.000
0.238	0.912	0.002	109.319	7.977	101.028	7.847	0.000	0.000
0.240	0.912	0.002	109.531	8.041	101.244	7.920	0.000	0.000
0.242	0.912	0.002	109.747	8.103	101.465	7.991	0.000	0.000
0.243	0.912	0.002	109.959	8.163	101.682	8.057	0.000	0.000
0.245	0.912	0.002	110.170	8.226	101.878	8.113	0.000	0.000
0.247	0.912	0.002	110.372	8.284	102.076	8.167	0.000	0.000
0.249	0.912	0.002	110.570	8.340	102.275	8.223	0.000	0.000
0.251	0.912	0.002	110.768	8.397	102.469	8.278	0.000	0.000
0.253	0.912	0.002	110.969	8.451	102.653	8.333	0.000	0.000
0.255	0.912	0.002	111.165	8.502	102.833	8.388	0.000	0.000
0.257	0.912	0.002	111.337	8.532	103.000	8.434	0.000	0.000
0.259	0.912	0.002	111.491	8.563	103.150	8.479	0.000	0.000
0.261	0.912	0.002	111.646	8.596	103.301	8.526	0.000	0.000
0.263	0.912	0.002	111.805	8.635	103.464	8.578	0.000	0.000
0.265	0.912	0.002	111.974	8.672	103.628	8.627	0.000	0.000
0.267	0.912	0.002	112.147	8.709	103.781	8.669	0.000	0.000
0.269	0.912	0.002	112.319	8.744	103.935	8.710	0.000	0.000
0.270	0.912	0.002	112.480	8.775	104.084	8.750	0.000	0.000
0.272	0.912	0.002	112.641	8.799	104.225	8.787	0.000	0.000
0.274	0.912	0.002	112.798	8.824	104.373	8.823	0.000	0.000
0.276	0.912	0.002	112.960	8.855	104.527	8.862	0.000	0.000
0.278	0.912	0.002	113.130	8.888	104.680	8.900	0.000	0.000
0.280	0.912	0.002	113.300	8.918	104.828	8.934	0.000	0.000
0.282	0.912	0.002	113.456	8.949	104.972	8.971	0.000	0.000
0.284	0.912	0.002	113.599	8.980	105.106	9.011	0.000	0.000
0.286	0.912	0.002	113.741	9.012	105.240	9.051	0.000	0.000
0.288	0.912	0.002	113.869	9.041	105.369	9.087	0.000	0.000
0.290	0.912	0.002	113.980	9.070	105.489	9.122	0.000	0.000
0.292	0.912	0.002	114.090	9.099	105.609	9.157	0.000	0.000
0.294	0.912	0.002	114.179	9.121	105.711	9.186	0.000	0.000
0.296	0.912	0.002	114.245	9.133	105.801	9.213	0.000	0.000
0.298	0.912	0.002	114.305	9.143	105.888	9.239	0.000	0.000
0.299	0.912	0.002	114.358	9.156	105.964	9.267	0.000	0.000
0.301	0.912	0.002	114.405	9.168	106.036	9.290	0.000	0.000
0.303	0.912	0.002	114.454	9.177	106.101	9.304	0.000	0.000
0.305	0.912	0.002	114.480	9.179	106.143	9.307	0.000	0.000
0.307	0.912	0.002	114.490	9.180	106.169	9.308	0.000	0.000
0.309	0.912	0.002	114.487	9.185	106.183	9.310	0.000	0.000
0.311	0.912	0.002	114.470	9.182	106.182	9.306	0.000	0.000
0.313	0.912	0.002	114.434	9.178	106.158	9.300	0.000	0.000
0.315	0.912	0.002	114.370	9.164	106.107	9.285	0.000	0.000
0.317	0.912	0.002	114.274	9.159	106.027	9.277	0.000	0.000
0.319	0.912	0.002	114.157	9.156	105.931	9.271	0.000	0.000
0.321	0.912	0.002	114.005	9.141	105.812	9.258	0.000	0.000
0.323	0.912	0.002	113.793	9.120	105.652	9.236	0.000	0.000
0.325	0.912	0.002	113.544	9.106	105.466	9.217	0.000	0.000
0.327	0.912	0.002	113.228	9.115	105.230	9.217	0.000	0.000
0.328	0.912	0.002	112.884	9.124	104.973	9.216	0.000	0.000
0.330	0.912	0.002	112.505	9.133	104.686	9.213	0.000	0.000
0.332	0.912	0.002	112.037	9.140	104.310	9.203	0.000	0.000
0.334	0.912	0.002	111.550	9.146	103.902	9.208	0.000	0.000
0.336	0.912	0.002	111.047	9.152	103.461	9.232	0.000	0.000
0.338	0.912	0.002	110.494	9.155	102.974	9.253	0.000	0.000
0.340	0.912	0.002	109.948	9.155	102.463	9.284	0.000	0.000
0.342	0.912	0.002	109.341	9.135	101.877	9.312	0.000	0.000
0.344	0.912	0.002	108.748	9.071	101.294	9.301	0.000	0.000
0.346	0.912	0.002	108.152	9.018	100.692	9.291	0.000	0.000
0.348	0.912	0.002	107.544	8.993	100.051	9.286	0.000	0.000
0.350	0.912	0.002	107.000	8.974	99.440	9.277	0.000	0.000
0.352	0.912	0.002	106.471	8.953	98.797	9.258	0.000	0.000
0.354	0.912	0.002	105.990	8.942	98.207	9.213	0.000	0.000
0.356	0.912	0.002	105.563	8.945	97.638	9.196	0.000	0.000
0.357	0.912	0.002	105.208	8.969	97.130	9.211	0.000	0.000
0.359	0.912	0.002	104.961	8.969	96.726	9.212	0.000	0.000
0.361	0.912	0.002	104.810	8.985	96.382	9.235	0.000	0.000
0.363	0.912	0.002	104.750	8.944	96.125	9.231	0.000	0.000
0.365	0.912	0.002	104.748	8.867	95.944	9.215	0.000	0.000
0.367	0.912	0.002	104.778	8.788	95.805	9.208	0.000	0.000
0.369	0.912	0.002	104.869	8.710	95.805	9.155	0.000	0.000
0.371	0.912	0.002	105.034	8.640	95.874	9.109	0.000	0.000
0.373	0.912	0.002	105.224	8.523	96.024	8.992	0.000	0.000
0.375	0.912	0.002	105.407	8.377	96.218	8.831	0.000	0.000
0.377	0.912	0.002	105.577	8.256	96.413	8.693	0.000	0.000
0.379	0.912	0.002	105.693	8.163	96.619	8.581	0.000	0.000
0.381	0.912	0.002	105.795	8.085	96.841	8.488	0.000	0.000
0.383	0.912	0.002	105.839	7.991	97.018	8.368	0.000	0.000
0.384	0.912	0.002	105.859	7.902	97.168	8.225	0.000	0.000
0.386	0.912	0.002	105.866	7.838	97.284	8.121	0.000	0.000
0.388	0.912	0.002	105.837	7.782	97.340	8.043	0.000	0.000
0.390	0.912	0.002	105.781	7.710	97.352	7.979	0.000	0.000
0.392	0.912	0.002	105.718	7.637	97.316	7.925	0.000	0.000
0.394	0.912	0.002	105.646	7.554	97.258	7.858	0.000	0.000
0.396	0.912	0.002	105.580	7.484	97.170	7.805	0.000	0.000
0.398	0.912	0.002	105.507	7.429	97.026	7.742	0.000	0.000
0.400	0.912	0.002	105.478	7.336	96.867	7.623	0.000	0.000
0.402	0.912	0.002	105.466	7.240	96.698	7.480	0.000	0.000
0.404	0.912	0.002	105.461	7.167	96.525	7.357	0.000	0.000
0.406	0.912	0.002	105.437	7.108	96.337	7.234	0.000	0.000
0.408	0.912	0.002	105.414	7.077	96.139	7.125	0.000	0.000
0.410	0.912	0.002	105.397	7.064	95.979	7.012	0.000	0.000
0.412	0.912	0.002	105.387	7.051	95.883	6.898	0.000	0.000
0.413	0.912	0.002	105.375	7.047	95.784	6.811	0.000	0.000
0.415	0.912	0.002	105.351	7.048	95.689	6.748	0.000	0.000
0.417	0.912	0.002	105.328	7.037	95.608	6.716	0.000	0.000
0.419	0.912	0.002	105.285	7.017	95.539	6.700	0.000	0.000
0.421	0.912	0.002	105.235	6.985	95.486	6.678	0.000	0.000
0.423	0.912	0.002	105.171	6.959	95.419	6.659	0.000	0.000
0.425	0.912	0.002	105.093	6.933	95.351	6.647	0.000	0.000
0.427	0.912	0.002	105.024	6.883	95.309	6.635	0.000	0.000
0.429	0.912	0.002	104.976	6.825	95.306	6.621	0.000	0.000
0.431	0.912	0.002	104.927	6.777	95.300	6.597	0.000	0.000
0.433	0.912	0.002	104.873	6.738	95.277	6.574	0.000	0.000
0.435	0.912	0.002	104.813	6.706	95.257	6.555	0.000	0.000
0.437	0.912	0.002	104.747	6.677	95.237	6.541	0.000	0.000
0.439	0.912	0.002	104.681	6.657	95.234	6.529	0.000	0.000
0.441	0.912	0.002	104.602	6.638	95.225	6.519	0.000	0.000
0.442	0.912	0.002	104.532	6.625	95.211	6.514	0.000	0.000
0.444	0.912	0.002	104.461	6.619	95.193	6.514	0.000	0.000
0.446	0.912	0.002	104.390	6.614	95.176	6.519	0.000	0.000
0.448	0.912	0.002	104.317	6.612	95.156	6.524	0.000	0.000
0.450	0.912	0.002	104.213	6.595	95.101	6.513	0.000	0.000
0.452	0.912	0.002	104.103	6.575	95.045	6.503	0.000	0.000
0.454	0.912	0.002	103.997	6.557	94.986	6.496	0.000	0.000
0.456	0.912	0.002	103.896	6.543	94.924	6.492	0.000	0.000
0.458	0.912	0.002	103.796	6.532	94.861	6.491	0.000	0.000
0.460	0.912	0.002	103.695	6.519	94.791	6.488	0.000	0.000
0.462	0.912	0.002	103.595	6.506	94.701	6.466	0.000	0.000
0.464	0.912	0.002	103.486	6.491	94.611	6.445	0.000	0.000
0.466	0.912	0.002	103.378	6.480	94.519	6.425	0.000	0.000
0.468	0.912	0.002	103.269	6.469	94.427	6.405	0.000	0.000
0.470	0.912	0.002	103.158	6.457	94.343	6.389	0.000	0.000
0.471	0.912	0.002	103.048	6.447	94.256	6.372	0.000	0.000
0.473	0.912	0.002	102.944	6.441	94.165	6.350	0.000	0.000
0.475	0.912	0.002	102.853	6.439	94.074	6.327	0.000	0.000
0.477	0.912	0.002	102.761	6.438	93.982	6.303	0.000	0.000
0.479	0.912	0.002	102.655	6.430	93.883	6.281	0.000	0.000
0.481	0.912	0.002	102.548	6.423	93.783	6.260	0.000	0.000
0.483	0.912	0.002	102.440	6.411	93.681	6.237	0.000	0.000
0.485	0.912	0.002	102.333	6.394	93.578	6.214	0.000	0.000
0.487	0.912	0.002	102.224	6.377	93.474	6.191	0.000	0.000
0.489	0.912	0.002	102.105	6.360	93.362	6.168	0.000	0.000
0.491	0.912	0.002	101.987	6.345	93.250	6.147	0.000	0.000
0.493	0.912	0.002	101.861	6.326	93.136	6.124	0.000	0.000
0.495	0.912	0.002	101.730	6.294	93.019	6.096	0.000	0.000
0.497	0.912	0.002	101.591	6.258	92.896	6.069	0.000	0.000
0.498	0.912	0.002	101.449	6.223	92.766	6.044	0.000	0.000
0.500	0.912	0.002	101.307	6.188	92.636	6.019	0.000	0.000
0.502	0.912	0.002	101.153	6.153	92.496	5.992	0.000	0.000
0.504	0.912	0.002	100.994	6.119	92.351	5.967	0.000	0.000
0.506	0.912	0.002	100.831	6.082	92.209	5.944	0.000	0.000
0.508	0.912	0.002	100.669	6.047	92.067	5.920	0.000	0.000
0.510	0.912	0.002	100.507	6.013	91.925	5.898	0.000	0.000
0.512	0.912	0.002	100.344	5.978	91.774	5.876	0.000	0.000
0.514	0.912	0.002	100.182	5.944	91.622	5.854	0.000	0.000
0.516	0.912	0.002	100.014	5.912	91.468	5.833	0.000	0.000
0.518	0.912	0.002	99.848	5.883	91.312	5.813	0.000	0.000
0.520	0.912	0.002	99.678	5.854	91.156	5.790	0.000	0.000
0.522	0.912	0.002	99.502	5.823	90.999	5.762	0.000	0.000
0.524	0.912	0.002	99.325	5.793	90.843	5.733	0.000	0.000
0.526	0.912	0.002	99.146	5.764	90.681	5.706	0.000	0.000
0.527	0.912	0.002	98.969	5.737	90.516	5.676	0.000	0.000
0.529	0.912	0.002	98.786	5.715	90.346	5.649	0.000	0.000
0.531	0.912	0.002	98.600	5.691	90.171	5.623	0.000	0.000
0.533	0.912	0.002	98.416	5.666	89.998	5.597	0.000	0.000
0.535	0.912	0.002	98.233	5.641	89.823	5.571	0.000	0.000
0.537	0.912	0.002	98.048	5.614	89.649	5.546	0.000	0.000
0.539	0.912	0.002	97.869	5.588	89.472	5.523	0.000	0.000
0.541	0.912	0.002	97.691	5.564	89.297	5.505	0.000	0.000
0.543	0.912	0.002	97.511	5.543	89.121	5.487	0.000	0.000
0.545	0.912	0.002	97.329	5.524	88.943	5.471	0.000	0.000
0.547	0.912	0.002	97.149	5.505	88.764	5.452	0.000	0.000
0.549	0.912	0.002	96.976	5.484	88.593	5.430	0.000	0.000
0.551	0.912	0.002	96.802	5.466	88.419	5.402	0.000	0.000
0.553	0.912	0.002	96.625	5.447	88.247	5.373	0.000	0.000
0.555	0.912	0.002	96.444	5.427	88.077	5.344	0.000	0.000
0.556	0.912	0.002	96.258	5.402	87.909	5.317	0.000	0.000
0.558	0.912	0.002	96.064	5.378	87.741	5.291	0.000	0.000
0.560	0.912	0.002	95.877	5.353	87.579	5.267	0.000	0.000
0.562	0.912	0.002	95.690	5.332	87.417	5.240	0.000	0.000
0.564	0.912	0.002	95.500	5.312	87.251	5.211	0.000	0.000
0.566	0.912	0.002	95.312	5.290	87.081	5.180	0.000	0.000
0.568	0.912	0.002	95.129	5.266	86.910	5.149	0.000	0.000
0.570	0.912	0.002	94.954	5.242	86.741	5.119	0.000	0.000
0.572	0.912	0.002	94.783	5.218	86.575	5.090	0.000	0.000
0.574	0.912	0.002	94.614	5.196	86.413	5.061	0.000	0.000
0.576	0.912	0.002	94.447	5.173	86.255	5.030	0.000	0.000
0.578	0.912	0.002	94.283	5.153	86.097	4.996	0.000	0.000
0.580	0.912	0.002	94.121	5.133	85.938	4.962	0.000	0.000
0.582	0.912	0.002	93.960	5.113	85.781	4.927	0.000	0.000
0.583	0.912	0.002	93.807	5.089	85.632	4.896	0.000	0.000
0.585	0.912	0.002	93.657	5.058	85.487	4.860	0.000	0.000
0.587	0.912	0.002	93.510	5.023	85.351	4.824	0.000	0.000
0.589	0.912	0.002	93.364	4.983	85.225	4.793	0.000	0.000
0.591	0.912	0.002	93.217	4.943	85.102	4.763	0.000	0.000
0.593	0.912	0.002	93.063	4.906	84.974	4.734	0.000	0.000
0.595	0.912	0.002	92.906	4.868	84.846	4.704	0.000	0.000
0.597	0.912	0.002	92.750	4.831	84.717	4.673	0.000	0.000
0.599	0.912	0.002	92.598	4.795	84.588	4.643	0.000	0.000
0.601	0.912	0.002	92.451	4.759	84.459	4.614	0.000	0.000
0.603	0.912	0.002	92.306	4.723	84.331	4.586	0.000	0.000
0.605	0.912	0.002	92.159	4.691	84.205	4.559	0.000	0.000
0.607	0.912	0.002	92.016	4.661	84.072	4.529	0.000	0.000
0.609	0.912	0.002	91.874	4.629	83.937	4.495	0.000	0.000
0.611	0.912	0.002	91.732	4.598	83.800	4.462	0.000	0.000
0.612	0.912	0.002	91.597	4.568	83.663	4.429	0.000	0.000
0.614	0.912	0.002	91.470	4.537	83.528	4.398	0.000	0.000
0.616	0.912	0.002	91.340	4.505	83.389	4.366	0.000	0.000
0.618	0.912	0.002	91.211	4.471	83.249	4.330	0.000	0.000
0.620	0.912	0.002	91.079	4.435	83.107	4.294	0.000	0.000
0.622	0.912	0.002	90.946	4.400	82.965	4.256	0.000	0.000
0.624	0.912	0.002	90.812	4.365	82.822	4.216	0.000	0.000
0.626	0.912	0.002	90.676	4.329	82.680	4.176	0.000	0.000
0.628	0.912	0.002	90.541	4.292	82.537	4.137	0.000	0.000
0.630	0.912	0.002	90.403	4.251	82.399	4.102	0.000	0.000
0.632	0.912	0.002	90.265	4.205	82.267	4.071	0.000	0.000
0.634	0.912	0.002	90.126	4.159	82.138	4.041	0.000	0.000
0.636	0.912	0.002	89.986	4.115	82.008	4.010	0.000	0.000
0.638	0.912	0.002	89.847	4.071	81.882	3.982	0.000	0.000
0.640	0.912	0.002	89.711	4.029	81.756	3.955	0.000	0.000
0.641	0.912	0.002	89.581	3.992	81.632	3.928	0.000	0.000
0.643	0.912	0.002	89.451	3.958	81.508	3.901	0.000	0.000
0.645	0.912	0.002	89.324	3.925	81.386	3.875	0.000	0.000
0.647	0.912	0.002	89.195	3.891	81.263	3.847	0.000	0.000
0.649	0.912	0.002	89.066	3.857	81.138	3.817	0.000	0.000
0.651	0.912	0.002	88.943	3.830	81.007	3.784	0.000	0.000
0.653	0.912	0.002	88.823	3.810	80.880	3.754	0.000	0.000
0.655	0.912	0.002	88.709	3.789	80.757	3.729	0.000	0.000
0.657	0.912	0.002	88.592	3.771	80.635	3.707	0.000	0.000
0.659	0.912	0.002	88.474	3.752	80.514	3.683	0.000	0.000
0.661	0.912	0.002	88.355	3.733	80.392	3.658	0.000	0.000
0.663	0.912	0.002	88.237	3.716	80.278	3.630	0.000	0.000
0.665	0.912	0.002	88.121	3.696	80.163	3.602	0.000	0.000
0.667	0.912	0.002	88.006	3.675	80.046	3.573	0.000	0.000
0.669	0.912	0.002	87.896	3.653	79.934	3.543	0.000	0.000
0.670	0.912	0.002	87.789	3.629	79.824	3.515	0.000	0.000
0.672	0.912	0.002	87.690	3.607	79.712	3.489	0.000	0.000
0.674	0.912	0.002	87.591	3.586	79.605	3.462	0.000	0.000
0.676	0.912	0.002	87.491	3.565	79.502	3.435	0.000	0.000
0.678	0.912	0.002	87.387	3.546	79.400	3.406	0.000	0.000
0.680	0.912	0.002	87.280	3.525	79.304	3.377	0.000	0.000
0.682	0.912	0.002	87.176	3.504	79.210	3.347	0.000	0.000
0.684	0.912	0.002	87.075	3.482	79.114	3.314	0.000	0.000
0.686	0.912	0.002	86.972	3.457	79.018	3.282	0.000	0.000
0.688	0.912	0.002	86.874	3.430	78.918	3.252	0.000	0.000
0.690	0.912	0.002	86.777	3.402	78.820	3.222	0.000	0.000
0.692	0.912	0.002	86.681	3.376	78.725	3.193	0.000	0.000
0.694	0.912	0.002	86.586	3.346	78.630	3.166	0.000	0.000
0.696	0.912	0.002	86.492	3.318	78.542	3.140	0.000	0.000
0.697	0.912	0.002	86.401	3.287	78.457	3.117	0.000	0.000
0.699	0.912	0.002	86.315	3.255	78.368	3.095	0.000	0.000
0.701	0.912	0.002	86.230	3.225	78.280	3.074	0.000	0.000
0.703	0.912	0.002	86.146	3.195	78.192	3.052	0.000	0.000
0.705	0.912	0.002	86.060	3.167	78.097	3.031	0.000	0.000
0.707	0.912	0.002	85.976	3.145	78.004	3.010	0.000	0.000
0.709	0.912	0.002	85.893	3.132	77.912	2.992	0.000	0.000
0.711	0.912	0.002	85.809	3.118	77.822	2.976	0.000	0.000
0.713	0.912	0.002	85.728	3.105	77.736	2.962	0.000	0.000
0.715	0.912	0.002	85.648	3.092	77.651	2.948	0.000	0.000
0.717	0.912	0.002	85.568	3.079	77.565	2.934	0.000	0.000
0.719	0.912	0.002	85.488	3.065	77.481	2.922	0.000	0.000
0.721	0.912	0.002	85.407	3.051	77.392	2.909	0.000	0.000
0.723	0.912	0.002	85.326	3.033	77.304	2.895	0.000	0.000
0.725	0.912	0.002	85.245	3.015	77.218	2.882	0.000	0.000
0.726	0.912	0.002	85.166	2.997	77.131	2.869	0.000	0.000
0.728	0.912	0.002	85.089	2.979	77.046	2.858	0.000	0.000
0.730	0.912	0.002	85.014	2.960	76.965	2.851	0.000	0.000
0.732	0.912	0.002	84.940	2.939	76.885	2.844	0.000	0.000
0.734	0.912	0.002	84.868	2.921	76.804	2.837	0.000	0.000
0.736	0.912	0.002	84.797	2.905	76.727	2.829	0.000	0.000
0.738	0.912	0.002	84.727	2.891	76.649	2.821	0.000	0.000
0.740	0.912	0.002	84.656	2.877	76.573	2.812	0.000	0.000
0.742	0.912	0.002	84.585	2.860	76.495	2.801	0.000	0.000
0.744	0.912	0.002	84.513	2.841	76.421	2.788	0.000	0.000
0.746	0.912	0.002	84.438	2.820	76.354	2.771	0.000	0.000
0.748	0.912	0.002	84.362	2.797	76.291	2.753	0.000	0.000
0.750	0.912	0.002	84.285	2.776	76.227	2.736	0.000	0.000
0.752	0.912	0.002	84.209	2.757	76.163	2.720	0.000	0.000
0.754	0.912	0.002	84.134	2.742	76.098	2.708	0.000	0.000
0.755	0.912	0.002	84.061	2.728	76.028	2.703	0.000	0.000
0.757	0.912	0.002	83.988	2.718	75.958	2.696	0.000	0.000
0.759	0.912	0.002	83.915	2.709	75.890	2.689	0.000	0.000
0.761	0.912	0.002	83.841	2.700	75.821	2.679	0.000	0.000
0.763	0.912	0.002	83.772	2.693	75.753	2.665	0.000	0.000
0.765	0.912	0.002	83.710	2.686	75.688	2.654	0.000	0.000
0.767	0.912	0.002	83.652	2.678	75.620	2.642	0.000	0.000
0.769	0.912	0.002	83.595	2.670	75.551	2.630	0.000	0.000
0.771	0.912	0.002	83.539	2.663	75.488	2.618	0.000	0.000
0.773	0.912	0.002	83.483	2.657	75.432	2.604	0.000	0.000
0.775	0.912	0.002	83.429	2.653	75.378	2.585	0.000	0.000
0.777	0.912	0.002	83.375	2.652	75.335	2.569	0.000	0.000
0.779	0.912	0.002	83.322	2.650	75.293	2.555	0.000	0.000
0.781	0.912	0.002	83.275	2.648	75.255	2.541	0.000	0.000
0.783	0.912	0.002	83.235	2.643	75.223	2.529	0.000	0.000
0.784	0.912	0.002	83.203	2.636	75.199	2.524	0.000	0.000
0.786	0.912	0.002	83.180	2.627	75.172	2.520	0.000	0.000
0.788	0.912	0.002	83.160	2.619	75.144	2.515	0.000	0.000
0.790	0.912	0.002	83.142	2.608	75.120	2.509	0.000	0.000
0.792	0.912	0.002	83.126	2.597	75.096	2.498	0.000	0.000
0.794	0.912	0.002	83.110	2.586	75.074	2.484	0.000	0.000
0.796	0.912	0.002	83.091	2.571	75.050	2.471	0.000	0.000
0.798	0.912	0.002	83.073	2.559	75.030	2.461	0.000	0.000
0.800	0.912	0.002	83.058	2.549	75.014	2.449	0.000	0.000
0.802	0.912	0.002	83.044	2.534	74.999	2.434	0.000	0.000
0.804	0.912	0.002	83.031	2.518	74.978	2.414	0.000	0.000
0.806	0.912	0.002	83.014	2.507	74.950	2.391	0.000	0.000
0.808	0.912	0.002	83.001	2.492	74.921	2.368	0.000	0.000
0.810	0.912	0.002	82.990	2.479	74.881	2.350	0.000	0.000
0.811	0.912	0.002	82.976	2.465	74.838	2.333	0.000	0.000
0.813	0.912	0.002	82.956	2.445	74.793	2.319	0.000	0.000
0.815	0.912	0.002	82.929	2.418	74.749	2.306	0.000	0.000
0.817	0.912	0.002	82.901	2.394	74.701	2.294	0.000	0.000
0.819	0.912	0.002	82.864	2.371	74.649	2.290	0.000	0.000
0.821	0.912	0.002	82.827	2.354	74.593	2.292	0.000	0.000
0.823	0.912	0.002	82.789	2.336	74.533	2.292	0.000	0.000
0.825	0.912	0.002	82.748	2.320	74.470	2.290	0.000	0.000
0.827	0.912	0.002	82.695	2.310	74.402	2.292	0.000	0.000
0.829	0.912	0.002	82.638	2.301	74.329	2.291	0.000	0.000
0.831	0.912	0.002	82.570	2.291	74.254	2.290	0.000	0.000
0.833	0.912	0.002	82.499	2.279	74.177	2.289	0.000	0.000
0.835	0.912	0.002	82.431	2.268	74.100	2.286	0.000	0.000
0.837	0.912	0.002	82.363	2.259	74.015	2.287	0.000	0.000
0.839	0.912	0.002	82.295	2.253	73.921	2.282	0.000	0.000
0.840	0.912	0.002	82.218	2.240	73.825	2.277	0.000	0.000
0.842	0.912	0.002	82.147	2.236	73.731	2.272	0.000	0.000
0.844	0.912	0.002	82.072	2.235	73.642	2.266	0.000	0.000
0.846	0.912	0.002	81.995	2.237	73.559	2.256	0.000	0.000
0.848	0.912	0.002	81.916	2.236	73.481	2.243	0.000	0.000
0.850	0.912	0.002	81.832	2.233	73.404	2.232	0.000	0.000
0.852	0.912	0.002	81.748	2.227	73.337	2.228	0.000	0.000
0.854	0.912	0.002	81.664	2.226	73.281	2.233	0.000	0.000
0.856	0.912	0.002	81.577	2.224	73.237	2.229	0.000	0.000
0.858	0.912	0.002	81.488	2.226	73.198	2.225	0.000	0.000
0.860	0.912	0.002	81.404	2.236	73.161	2.225	0.000	0.000
0.862	0.912	0.002	81.325	2.250	73.126	2.222	0.000	0.000
0.864	0.912	0.002	81.248	2.264	73.096	2.218	0.000	0.000
0.866	0.912	0.002	81.174	2.273	73.067	2.222	0.000	0.000
0.868	0.912	0.002	81.101	2.281	73.041	2.225	0.000	0.000
0.869	0.912	0.002	81.024	2.285	73.006	2.220	0.000	0.000
0.871	0.912	0.002	80.950	2.292	72.967	2.216	0.000	0.000
0.873	0.912	0.002	80.881	2.298	72.929	2.208	0.000	0.000
0.875	0.912	0.002	80.814	2.308	72.875	2.219	0.000	0.000
0.877	0.912	0.002	80.749	2.322	72.815	2.235	0.000	0.000
0.879	0.912	0.002	80.681	2.327	72.743	2.251	0.000	0.000
0.881	0.912	0.002	80.603	2.326	72.653	2.258	0.000	0.000
0.883	0.912	0.002	80.513	2.330	72.541	2.274	0.000	0.000
0.885	0.912	0.002	80.415	2.343	72.417	2.297	0.000	0.000
0.887	0.912	0.002	80.315	2.363	72.296	2.327	0.000	0.000
0.889	0.912	0.002	80.212	2.385	72.178	2.368	0.000	0.000
0.891	0.912	0.002	80.098	2.401	72.058	2.413	0.000	0.000
0.893	0.912	0.002	79.971	2.425	71.917	2.464	0.000	0.000
0.895	0.912	0.002	79.840	2.453	71.775	2.513	0.000	0.000
0.896	0.912	0.002	79.708	2.482	71.638	2.554	0.000	0.000
0.898	0.912	0.002	79.581	2.517	71.502	2.590	0.000	0.000
0.900	0.912	0.002	79.452	2.553	71.369	2.623	0.000	0.000
0.902	0.912	0.002	79.323	2.590	71.250	2.651	0.000	0.000
0.904	0.912	0.002	79.200	2.624	71.136	2.674	0.000	0.000
0.906	0.912	0.002	79.083	2.652	71.027	2.689	0.000	0.000
0.908	0.912	0.002	78.967	2.682	70.917	2.703	0.000	0.000
0.910	0.912	0.002	78.857	2.708	70.814	2.723	0.000	0.000
0.912	0.912	0.002	78.754	2.726	70.718	2.735	0.000	0.000
0.914	0.912	0.002	78.651	2.742	70.628	2.735	0.000	0.000
0.916	0.912	0.002	78.548	2.758	70.543	2.731	0.000	0.000
0.918	0.912	0.002	78.445	2.774	70.461	2.731	0.000	0.000
0.920	0.912	0.002	78.361	2.782	70.400	2.722	0.000	0.000
0.922	0.912	0.002	78.282	2.778	70.352	2.698	0.000	0.000
0.924	0.912	0.002	78.202	2.771	70.306	2.672	0.000	0.000
0.925	0.912	0.002	78.118	2.765	70.254	2.652	0.000	0.000
0.927	0.912	0.002	78.035	2.761	70.204	2.632	0.000	0.000
0.929	0.912	0.002	77.963	2.751	70.168	2.604	0.000	0.000
0.931	0.912	0.002	77.890	2.738	70.125	2.579	0.000	0.000
0.933	0.912	0.002	77.814	2.721	70.078	2.550	0.000	0.000
0.935	0.912	0.002	77.737	2.704	70.025	2.522	0.000	0.000
0.937	0.912	0.002	77.662	2.689	69.977	2.500	0.000	0.000
0.939	0.912	0.002	77.583	2.682	69.917	2.491	0.000	0.000
0.941	0.912	0.002	77.501	2.677	69.852	2.487	0.000	0.000
0.943	0.912	0.002	77.422	2.678	69.786	2.483	0.000	0.000
0.945	0.912	0.002	77.345	2.684	69.720	2.480	0.000	0.000
0.947	0.912	0.002	77.269	2.694	69.652	2.486	0.000	0.000
0.949	0.912	0.002	77.190	2.704	69.581	2.496	0.000	0.000
0.951	0.912	0.002	77.111	2.715	69.510	2.507	0.000	0.000
0.953	0.912	0.002	77.032	2.726	69.438	2.518	0.000	0.000
0.954	0.912	0.002	76.956	2.740	69.372	2.536	0.000	0.000
0.956	0.912	0.002	76.904	2.754	69.316	2.537	0.000	0.000
0.958	0.912	0.002	76.858	2.763	69.265	2.532	0.000	0.000
0.960	0.912	0.002	76.811	2.773	69.214	2.527	0.000	0.000
0.962	0.912	0.002	76.764	2.783	69.163	2.522	0.000	0.000
0.964	0.912	0.002	76.718	2.793	69.112	2.518	0.000	0.000


General Analysis Info:
----------------------
File Data Taken From = E:\files for GIMIAS\V100 post PCI for GIMIAS.txt
Time Window Taken From Raw Data: Start = 0.800 End =17.260
No Of Cycles Averaged = 17


Time Info
---------
Time Column In File = 0
Averaged Cycle Time = 0.964+/-0.223


Cycles Info:
----------------
Cycle Num	Deleted	Start t	End t
0	Yes	0.000	0.000
1	No	0.000	0.960
2	No	0.960	1.880
3	No	1.880	2.870
4	No	2.870	3.880
5	No	3.880	4.900
6	No	4.900	5.760
7	No	5.760	5.890
8	No	5.890	6.890
9	No	6.890	7.910
10	No	7.910	8.970
11	No	8.970	10.080
12	No	10.080	11.150
13	No	11.150	12.200
14	No	12.200	13.240
15	No	13.240	14.300
16	No	14.300	15.340
17	No	15.340	16.390
18	Yes	16.390	16.460


Trace 3 Average Information
---------------------------
Mean Value = 0.912+/-0.002
Min Value = 0.912+/-0.002
Max Value = 0.912+/-0.002
Value Orig = Value Orig +-0.000+/--0.000 + -0.000+/-0.000


Trace 1 Average Information
---------------------------
Mean Value = 93.996+/-13.130
Min Value = 76.518+/-2.761
Max Value = 114.490+/-9.180
Value Orig = Value Orig +0.122+/-0.175 + 0.059+/-0.001


Trace 2 Average Information
---------------------------
Mean Value = 85.705+/-12.723
Min Value = 68.971+/-2.608
Max Value = 106.183+/-9.310
Value Orig = Value Orig +0.146+/-0.200 + 0.071+/-0.001


Trace 4 Average Information
---------------------------
Mean Value = 0.000+/-0.000
Min Value = 0.000+/-0.000
Max Value = 0.000+/-0.000
Value Orig = Value Orig +0.000+/-0.000 + 0.000+/--1.#IO


