0.000 0.000
0.002 0.000
0.004 0.000
0.006 0.000
0.008 0.000
0.010 0.000
0.012 0.000
0.014 0.000
0.015 0.000
0.017 0.000
0.019 0.000
0.021 0.000
0.023 0.000
0.025 0.000
0.027 0.000
0.029 0.000
0.031 0.000
0.033 0.000
0.035 0.000
0.037 0.000
0.039 0.000
0.041 0.000
0.043 0.000
0.044 0.000
0.046 0.000
0.048 0.000
0.050 0.000
0.052 0.000
0.054 0.000
0.056 0.000
0.058 0.000
0.060 0.000
0.062 0.000
0.064 0.000
0.066 0.000
0.068 0.000
0.070 0.000
0.071 0.000
0.073 0.000
0.075 0.000
0.077 0.000
0.079 0.000
0.081 0.000
0.083 0.000
0.085 0.000
0.087 0.000
0.089 0.000
0.091 0.000
0.093 0.000
0.095 0.000
0.097 0.000
0.099 0.000
0.100 0.000
0.102 0.000
0.104 0.000
0.106 0.000
0.108 0.000
0.110 0.000
0.112 0.000
0.114 0.000
0.116 0.000
0.118 0.000
0.120 0.000
0.122 0.000
0.124 0.000
0.126 0.000
0.128 0.000
0.129 0.000
0.131 0.000
0.133 0.000
0.135 0.000
0.137 0.000
0.139 0.000
0.141 0.000
0.143 0.000
0.145 0.000
0.147 0.000
0.149 0.000
0.151 0.000
0.153 0.000
0.155 0.000
0.157 0.000
0.158 0.000
0.160 0.000
0.162 0.000
0.164 0.000
0.166 0.000
0.168 0.000
0.170 0.000
0.172 0.000
0.174 0.000
0.176 0.000
0.178 0.000
0.180 0.000
0.182 0.000
0.184 0.000
0.185 0.000
0.187 0.000
0.189 0.000
0.191 0.000
0.193 0.000
0.195 0.000
0.197 0.000
0.199 0.000
0.201 0.000
0.203 0.000
0.205 0.000
0.207 0.000
0.209 0.000
0.211 0.000
0.213 0.000
0.214 0.000
0.216 0.000
0.218 0.000
0.220 0.000
0.222 0.000
0.224 0.000
0.226 0.000
0.228 0.000
0.230 0.000
0.232 0.000
0.234 0.000
0.236 0.000
0.238 0.000
0.240 0.000
0.242 0.000
0.243 0.000
0.245 0.000
0.247 0.000
0.249 0.000
0.251 0.000
0.253 0.000
0.255 0.000
0.257 0.000
0.259 0.000
0.261 0.000
0.263 0.000
0.265 0.000
0.267 0.000
0.269 0.000
0.270 0.000
0.272 0.000
0.274 0.000
0.276 0.000
0.278 0.000
0.280 0.000
0.282 0.000
0.284 0.000
0.286 0.000
0.288 0.000
0.290 0.000
0.292 0.000
0.294 0.000
0.296 0.000
0.298 0.000
0.299 0.000
0.301 0.000
0.303 0.000
0.305 0.000
0.307 0.000
0.309 0.000
0.311 0.000
0.313 0.000
0.315 0.000
0.317 0.000
0.319 0.000
0.321 0.000
0.323 0.000
0.325 0.000
0.327 0.000
0.328 0.000
0.330 0.000
0.332 0.000
0.334 0.000
0.336 0.000
0.338 0.000
0.340 0.000
0.342 0.000
0.344 0.000
0.346 0.000
0.348 0.000
0.350 0.000
0.352 0.000
0.354 0.000
0.356 0.000
0.357 0.000
0.359 0.000
0.361 0.000
0.363 0.000
0.365 0.000
0.367 0.000
0.369 0.000
0.371 0.000
0.373 0.000
0.375 0.000
0.377 0.000
0.379 0.000
0.381 0.000
0.383 0.000
0.384 0.000
0.386 0.000
0.388 0.000
0.390 0.000
0.392 0.000
0.394 0.000
0.396 0.000
0.398 0.000
0.400 0.000
0.402 0.000
0.404 0.000
0.406 0.000
0.408 0.000
0.410 0.000
0.412 0.000
0.413 0.000
0.415 0.000
0.417 0.000
0.419 0.000
0.421 0.000
0.423 0.000
0.425 0.000
0.427 0.000
0.429 0.000
0.431 0.000
0.433 0.000
0.435 0.000
0.437 0.000
0.439 0.000
0.441 0.000
0.442 0.000
0.444 0.000
0.446 0.000
0.448 0.000
0.450 0.000
0.452 0.000
0.454 0.000
0.456 0.000
0.458 0.000
0.460 0.000
0.462 0.000
0.464 0.000
0.466 0.000
0.468 0.000
0.470 0.000
0.471 0.000
0.473 0.000
0.475 0.000
0.477 0.000
0.479 0.000
0.481 0.000
0.483 0.000
0.485 0.000
0.487 0.000
0.489 0.000
0.491 0.000
0.493 0.000
0.495 0.000
0.497 0.000
0.498 0.000
0.500 0.000
0.502 0.000
0.504 0.000
0.506 0.000
0.508 0.000
0.510 0.000
0.512 0.000
0.514 0.000
0.516 0.000
0.518 0.000
0.520 0.000
0.522 0.000
0.524 0.000
0.526 0.000
0.527 0.000
0.529 0.000
0.531 0.000
0.533 0.000
0.535 0.000
0.537 0.000
0.539 0.000
0.541 0.000
0.543 0.000
0.545 0.000
0.547 0.000
0.549 0.000
0.551 0.000
0.553 0.000
0.555 0.000
0.556 0.000
0.558 0.000
0.560 0.000
0.562 0.000
0.564 0.000
0.566 0.000
0.568 0.000
0.570 0.000
0.572 0.000
0.574 0.000
0.576 0.000
0.578 0.000
0.580 0.000
0.582 0.000
0.583 0.000
0.585 0.000
0.587 0.000
0.589 0.000
0.591 0.000
0.593 0.000
0.595 0.000
0.597 0.000
0.599 0.000
0.601 0.000
0.603 0.000
0.605 0.000
0.607 0.000
0.609 0.000
0.611 0.000
0.612 0.000
0.614 0.000
0.616 0.000
0.618 0.000
0.620 0.000
0.622 0.000
0.624 0.000
0.626 0.000
0.628 0.000
0.630 0.000
0.632 0.000
0.634 0.000
0.636 0.000
0.638 0.000
0.640 0.000
0.641 0.000
0.643 0.000
0.645 0.000
0.647 0.000
0.649 0.000
0.651 0.000
0.653 0.000
0.655 0.000
0.657 0.000
0.659 0.000
0.661 0.000
0.663 0.000
0.665 0.000
0.667 0.000
0.669 0.000
0.670 0.000
0.672 0.000
0.674 0.000
0.676 0.000
0.678 0.000
0.680 0.000
0.682 0.000
0.684 0.000
0.686 0.000
0.688 0.000
0.690 0.000
0.692 0.000
0.694 0.000
0.696 0.000
0.697 0.000
0.699 0.000
0.701 0.000
0.703 0.000
0.705 0.000
0.707 0.000
0.709 0.000
0.711 0.000
0.713 0.000
0.715 0.000
0.717 0.000
0.719 0.000
0.721 0.000
0.723 0.000
0.725 0.000
0.726 0.000
0.728 0.000
0.730 0.000
0.732 0.000
0.734 0.000
0.736 0.000
0.738 0.000
0.740 0.000
0.742 0.000
0.744 0.000
0.746 0.000
0.748 0.000
0.750 0.000
0.752 0.000
0.754 0.000
0.755 0.000
0.757 0.000
0.759 0.000
0.761 0.000
0.763 0.000
0.765 0.000
0.767 0.000
0.769 0.000
0.771 0.000
0.773 0.000
0.775 0.000
0.777 0.000
0.779 0.000
0.781 0.000
0.783 0.000
0.784 0.000
0.786 0.000
0.788 0.000
0.790 0.000
0.792 0.000
0.794 0.000
0.796 0.000
0.798 0.000
0.800 0.000
0.802 0.000
0.804 0.000
0.806 0.000
0.808 0.000
0.810 0.000
0.811 0.000
0.813 0.000
0.815 0.000
0.817 0.000
0.819 0.000
0.821 0.000
0.823 0.000
0.825 0.000
0.827 0.000
0.829 0.000
0.831 0.000
0.833 0.000
0.835 0.000
0.837 0.000
0.839 0.000
0.840 0.000
0.842 0.000
0.844 0.000
0.846 0.000
0.848 0.000
0.850 0.000
0.852 0.000
0.854 0.000
0.856 0.000
0.858 0.000
0.860 0.000
0.862 0.000
0.864 0.000
0.866 0.000
0.868 0.000
0.869 0.000
0.871 0.000
0.873 0.000
0.875 0.000
0.877 0.000
0.879 0.000
0.881 0.000
0.883 0.000
0.885 0.000
0.887 0.000
0.889 0.000
0.891 0.000
0.893 0.000
0.895 0.000
0.896 0.000
0.898 0.000
0.900 0.000
0.902 0.000
0.904 0.000
0.906 0.000
0.908 0.000
0.910 0.000
0.912 0.000
0.914 0.000
0.916 0.000
0.918 0.000
0.920 0.000
0.922 0.000
0.924 0.000
0.925 0.000
0.927 0.000
0.929 0.000
0.931 0.000
0.933 0.000
0.935 0.000
0.937 0.000
0.939 0.000
0.941 0.000
0.943 0.000
0.945 0.000
0.947 0.000
0.949 0.000
0.951 0.000
0.953 0.000
0.954 0.000
0.956 0.000
0.958 0.000
0.960 0.000
0.962 0.000
0.964 0.000
