0.000 0.912
0.002 0.912
0.004 0.912
0.006 0.912
0.008 0.912
0.010 0.912
0.012 0.912
0.014 0.912
0.015 0.912
0.017 0.912
0.019 0.912
0.021 0.912
0.023 0.912
0.025 0.912
0.027 0.912
0.029 0.912
0.031 0.912
0.033 0.912
0.035 0.912
0.037 0.912
0.039 0.912
0.041 0.912
0.043 0.912
0.044 0.912
0.046 0.912
0.048 0.912
0.050 0.912
0.052 0.912
0.054 0.912
0.056 0.912
0.058 0.912
0.060 0.912
0.062 0.912
0.064 0.912
0.066 0.912
0.068 0.912
0.070 0.912
0.071 0.912
0.073 0.912
0.075 0.912
0.077 0.912
0.079 0.912
0.081 0.912
0.083 0.912
0.085 0.912
0.087 0.912
0.089 0.912
0.091 0.912
0.093 0.912
0.095 0.912
0.097 0.912
0.099 0.912
0.100 0.912
0.102 0.912
0.104 0.912
0.106 0.912
0.108 0.912
0.110 0.912
0.112 0.912
0.114 0.912
0.116 0.912
0.118 0.912
0.120 0.912
0.122 0.912
0.124 0.912
0.126 0.912
0.128 0.912
0.129 0.912
0.131 0.912
0.133 0.912
0.135 0.912
0.137 0.912
0.139 0.912
0.141 0.912
0.143 0.912
0.145 0.912
0.147 0.912
0.149 0.912
0.151 0.912
0.153 0.912
0.155 0.912
0.157 0.912
0.158 0.912
0.160 0.912
0.162 0.912
0.164 0.912
0.166 0.912
0.168 0.912
0.170 0.912
0.172 0.912
0.174 0.912
0.176 0.912
0.178 0.912
0.180 0.912
0.182 0.912
0.184 0.912
0.185 0.912
0.187 0.912
0.189 0.912
0.191 0.912
0.193 0.912
0.195 0.912
0.197 0.912
0.199 0.912
0.201 0.912
0.203 0.912
0.205 0.912
0.207 0.912
0.209 0.912
0.211 0.912
0.213 0.912
0.214 0.912
0.216 0.912
0.218 0.912
0.220 0.912
0.222 0.912
0.224 0.912
0.226 0.912
0.228 0.912
0.230 0.912
0.232 0.912
0.234 0.912
0.236 0.912
0.238 0.912
0.240 0.912
0.242 0.912
0.243 0.912
0.245 0.912
0.247 0.912
0.249 0.912
0.251 0.912
0.253 0.912
0.255 0.912
0.257 0.912
0.259 0.912
0.261 0.912
0.263 0.912
0.265 0.912
0.267 0.912
0.269 0.912
0.270 0.912
0.272 0.912
0.274 0.912
0.276 0.912
0.278 0.912
0.280 0.912
0.282 0.912
0.284 0.912
0.286 0.912
0.288 0.912
0.290 0.912
0.292 0.912
0.294 0.912
0.296 0.912
0.298 0.912
0.299 0.912
0.301 0.912
0.303 0.912
0.305 0.912
0.307 0.912
0.309 0.912
0.311 0.912
0.313 0.912
0.315 0.912
0.317 0.912
0.319 0.912
0.321 0.912
0.323 0.912
0.325 0.912
0.327 0.912
0.328 0.912
0.330 0.912
0.332 0.912
0.334 0.912
0.336 0.912
0.338 0.912
0.340 0.912
0.342 0.912
0.344 0.912
0.346 0.912
0.348 0.912
0.350 0.912
0.352 0.912
0.354 0.912
0.356 0.912
0.357 0.912
0.359 0.912
0.361 0.912
0.363 0.912
0.365 0.912
0.367 0.912
0.369 0.912
0.371 0.912
0.373 0.912
0.375 0.912
0.377 0.912
0.379 0.912
0.381 0.912
0.383 0.912
0.384 0.912
0.386 0.912
0.388 0.912
0.390 0.912
0.392 0.912
0.394 0.912
0.396 0.912
0.398 0.912
0.400 0.912
0.402 0.912
0.404 0.912
0.406 0.912
0.408 0.912
0.410 0.912
0.412 0.912
0.413 0.912
0.415 0.912
0.417 0.912
0.419 0.912
0.421 0.912
0.423 0.912
0.425 0.912
0.427 0.912
0.429 0.912
0.431 0.912
0.433 0.912
0.435 0.912
0.437 0.912
0.439 0.912
0.441 0.912
0.442 0.912
0.444 0.912
0.446 0.912
0.448 0.912
0.450 0.912
0.452 0.912
0.454 0.912
0.456 0.912
0.458 0.912
0.460 0.912
0.462 0.912
0.464 0.912
0.466 0.912
0.468 0.912
0.470 0.912
0.471 0.912
0.473 0.912
0.475 0.912
0.477 0.912
0.479 0.912
0.481 0.912
0.483 0.912
0.485 0.912
0.487 0.912
0.489 0.912
0.491 0.912
0.493 0.912
0.495 0.912
0.497 0.912
0.498 0.912
0.500 0.912
0.502 0.912
0.504 0.912
0.506 0.912
0.508 0.912
0.510 0.912
0.512 0.912
0.514 0.912
0.516 0.912
0.518 0.912
0.520 0.912
0.522 0.912
0.524 0.912
0.526 0.912
0.527 0.912
0.529 0.912
0.531 0.912
0.533 0.912
0.535 0.912
0.537 0.912
0.539 0.912
0.541 0.912
0.543 0.912
0.545 0.912
0.547 0.912
0.549 0.912
0.551 0.912
0.553 0.912
0.555 0.912
0.556 0.912
0.558 0.912
0.560 0.912
0.562 0.912
0.564 0.912
0.566 0.912
0.568 0.912
0.570 0.912
0.572 0.912
0.574 0.912
0.576 0.912
0.578 0.912
0.580 0.912
0.582 0.912
0.583 0.912
0.585 0.912
0.587 0.912
0.589 0.912
0.591 0.912
0.593 0.912
0.595 0.912
0.597 0.912
0.599 0.912
0.601 0.912
0.603 0.912
0.605 0.912
0.607 0.912
0.609 0.912
0.611 0.912
0.612 0.912
0.614 0.912
0.616 0.912
0.618 0.912
0.620 0.912
0.622 0.912
0.624 0.912
0.626 0.912
0.628 0.912
0.630 0.912
0.632 0.912
0.634 0.912
0.636 0.912
0.638 0.912
0.640 0.912
0.641 0.912
0.643 0.912
0.645 0.912
0.647 0.912
0.649 0.912
0.651 0.912
0.653 0.912
0.655 0.912
0.657 0.912
0.659 0.912
0.661 0.912
0.663 0.912
0.665 0.912
0.667 0.912
0.669 0.912
0.670 0.912
0.672 0.912
0.674 0.912
0.676 0.912
0.678 0.912
0.680 0.912
0.682 0.912
0.684 0.912
0.686 0.912
0.688 0.912
0.690 0.912
0.692 0.912
0.694 0.912
0.696 0.912
0.697 0.912
0.699 0.912
0.701 0.912
0.703 0.912
0.705 0.912
0.707 0.912
0.709 0.912
0.711 0.912
0.713 0.912
0.715 0.912
0.717 0.912
0.719 0.912
0.721 0.912
0.723 0.912
0.725 0.912
0.726 0.912
0.728 0.912
0.730 0.912
0.732 0.912
0.734 0.912
0.736 0.912
0.738 0.912
0.740 0.912
0.742 0.912
0.744 0.912
0.746 0.912
0.748 0.912
0.750 0.912
0.752 0.912
0.754 0.912
0.755 0.912
0.757 0.912
0.759 0.912
0.761 0.912
0.763 0.912
0.765 0.912
0.767 0.912
0.769 0.912
0.771 0.912
0.773 0.912
0.775 0.912
0.777 0.912
0.779 0.912
0.781 0.912
0.783 0.912
0.784 0.912
0.786 0.912
0.788 0.912
0.790 0.912
0.792 0.912
0.794 0.912
0.796 0.912
0.798 0.912
0.800 0.912
0.802 0.912
0.804 0.912
0.806 0.912
0.808 0.912
0.810 0.912
0.811 0.912
0.813 0.912
0.815 0.912
0.817 0.912
0.819 0.912
0.821 0.912
0.823 0.912
0.825 0.912
0.827 0.912
0.829 0.912
0.831 0.912
0.833 0.912
0.835 0.912
0.837 0.912
0.839 0.912
0.840 0.912
0.842 0.912
0.844 0.912
0.846 0.912
0.848 0.912
0.850 0.912
0.852 0.912
0.854 0.912
0.856 0.912
0.858 0.912
0.860 0.912
0.862 0.912
0.864 0.912
0.866 0.912
0.868 0.912
0.869 0.912
0.871 0.912
0.873 0.912
0.875 0.912
0.877 0.912
0.879 0.912
0.881 0.912
0.883 0.912
0.885 0.912
0.887 0.912
0.889 0.912
0.891 0.912
0.893 0.912
0.895 0.912
0.896 0.912
0.898 0.912
0.900 0.912
0.902 0.912
0.904 0.912
0.906 0.912
0.908 0.912
0.910 0.912
0.912 0.912
0.914 0.912
0.916 0.912
0.918 0.912
0.920 0.912
0.922 0.912
0.924 0.912
0.925 0.912
0.927 0.912
0.929 0.912
0.931 0.912
0.933 0.912
0.935 0.912
0.937 0.912
0.939 0.912
0.941 0.912
0.943 0.912
0.945 0.912
0.947 0.912
0.949 0.912
0.951 0.912
0.953 0.912
0.954 0.912
0.956 0.912
0.958 0.912
0.960 0.912
0.962 0.912
0.964 0.912
