0.000 76.600
0.002 76.599
0.004 76.599
0.006 76.598
0.008 76.597
0.010 76.599
0.012 76.607
0.014 76.613
0.015 76.618
0.017 76.624
0.019 76.617
0.021 76.593
0.023 76.567
0.025 76.543
0.027 76.518
0.029 76.520
0.031 76.553
0.033 76.595
0.035 76.644
0.037 76.710
0.039 76.810
0.041 76.911
0.043 77.013
0.044 77.118
0.046 77.211
0.048 77.281
0.050 77.334
0.052 77.377
0.054 77.406
0.056 77.441
0.058 77.505
0.060 77.595
0.062 77.707
0.064 77.852
0.066 78.152
0.068 78.572
0.070 79.080
0.071 79.663
0.073 80.334
0.075 81.280
0.077 82.334
0.079 83.477
0.081 84.688
0.083 85.968
0.085 87.329
0.087 88.734
0.089 90.134
0.091 91.529
0.093 92.823
0.095 93.973
0.097 95.051
0.099 96.096
0.100 97.092
0.102 97.853
0.104 98.527
0.106 99.101
0.108 99.672
0.110 100.233
0.112 100.697
0.114 101.083
0.116 101.418
0.118 101.728
0.120 102.031
0.122 102.313
0.124 102.558
0.126 102.756
0.128 102.918
0.129 103.065
0.131 103.173
0.133 103.266
0.135 103.316
0.137 103.316
0.139 103.271
0.141 103.230
0.143 103.181
0.145 103.134
0.147 103.068
0.149 102.967
0.151 102.889
0.153 102.824
0.155 102.777
0.157 102.780
0.158 102.826
0.160 102.873
0.162 102.944
0.164 103.018
0.166 103.102
0.168 103.197
0.170 103.312
0.172 103.432
0.174 103.558
0.176 103.690
0.178 103.819
0.180 103.952
0.182 104.089
0.184 104.225
0.185 104.363
0.187 104.497
0.189 104.633
0.191 104.776
0.193 104.915
0.195 105.048
0.197 105.181
0.199 105.317
0.201 105.460
0.203 105.623
0.205 105.799
0.207 105.994
0.209 106.185
0.211 106.383
0.213 106.588
0.214 106.795
0.216 107.000
0.218 107.208
0.220 107.408
0.222 107.614
0.224 107.819
0.226 108.028
0.228 108.243
0.230 108.462
0.232 108.684
0.234 108.908
0.236 109.114
0.238 109.319
0.240 109.531
0.242 109.747
0.243 109.959
0.245 110.170
0.247 110.372
0.249 110.570
0.251 110.768
0.253 110.969
0.255 111.165
0.257 111.337
0.259 111.491
0.261 111.646
0.263 111.805
0.265 111.974
0.267 112.147
0.269 112.319
0.270 112.480
0.272 112.641
0.274 112.798
0.276 112.960
0.278 113.130
0.280 113.300
0.282 113.456
0.284 113.599
0.286 113.741
0.288 113.869
0.290 113.980
0.292 114.090
0.294 114.179
0.296 114.245
0.298 114.305
0.299 114.358
0.301 114.405
0.303 114.454
0.305 114.480
0.307 114.490
0.309 114.487
0.311 114.470
0.313 114.434
0.315 114.370
0.317 114.274
0.319 114.157
0.321 114.005
0.323 113.793
0.325 113.544
0.327 113.228
0.328 112.884
0.330 112.505
0.332 112.037
0.334 111.550
0.336 111.047
0.338 110.494
0.340 109.948
0.342 109.341
0.344 108.748
0.346 108.152
0.348 107.544
0.350 107.000
0.352 106.471
0.354 105.990
0.356 105.563
0.357 105.208
0.359 104.961
0.361 104.810
0.363 104.750
0.365 104.748
0.367 104.778
0.369 104.869
0.371 105.034
0.373 105.224
0.375 105.407
0.377 105.577
0.379 105.693
0.381 105.795
0.383 105.839
0.384 105.859
0.386 105.866
0.388 105.837
0.390 105.781
0.392 105.718
0.394 105.646
0.396 105.580
0.398 105.507
0.400 105.478
0.402 105.466
0.404 105.461
0.406 105.437
0.408 105.414
0.410 105.397
0.412 105.387
0.413 105.375
0.415 105.351
0.417 105.328
0.419 105.285
0.421 105.235
0.423 105.171
0.425 105.093
0.427 105.024
0.429 104.976
0.431 104.927
0.433 104.873
0.435 104.813
0.437 104.747
0.439 104.681
0.441 104.602
0.442 104.532
0.444 104.461
0.446 104.390
0.448 104.317
0.450 104.213
0.452 104.103
0.454 103.997
0.456 103.896
0.458 103.796
0.460 103.695
0.462 103.595
0.464 103.486
0.466 103.378
0.468 103.269
0.470 103.158
0.471 103.048
0.473 102.944
0.475 102.853
0.477 102.761
0.479 102.655
0.481 102.548
0.483 102.440
0.485 102.333
0.487 102.224
0.489 102.105
0.491 101.987
0.493 101.861
0.495 101.730
0.497 101.591
0.498 101.449
0.500 101.307
0.502 101.153
0.504 100.994
0.506 100.831
0.508 100.669
0.510 100.507
0.512 100.344
0.514 100.182
0.516 100.014
0.518 99.848
0.520 99.678
0.522 99.502
0.524 99.325
0.526 99.146
0.527 98.969
0.529 98.786
0.531 98.600
0.533 98.416
0.535 98.233
0.537 98.048
0.539 97.869
0.541 97.691
0.543 97.511
0.545 97.329
0.547 97.149
0.549 96.976
0.551 96.802
0.553 96.625
0.555 96.444
0.556 96.258
0.558 96.064
0.560 95.877
0.562 95.690
0.564 95.500
0.566 95.312
0.568 95.129
0.570 94.954
0.572 94.783
0.574 94.614
0.576 94.447
0.578 94.283
0.580 94.121
0.582 93.960
0.583 93.807
0.585 93.657
0.587 93.510
0.589 93.364
0.591 93.217
0.593 93.063
0.595 92.906
0.597 92.750
0.599 92.598
0.601 92.451
0.603 92.306
0.605 92.159
0.607 92.016
0.609 91.874
0.611 91.732
0.612 91.597
0.614 91.470
0.616 91.340
0.618 91.211
0.620 91.079
0.622 90.946
0.624 90.812
0.626 90.676
0.628 90.541
0.630 90.403
0.632 90.265
0.634 90.126
0.636 89.986
0.638 89.847
0.640 89.711
0.641 89.581
0.643 89.451
0.645 89.324
0.647 89.195
0.649 89.066
0.651 88.943
0.653 88.823
0.655 88.709
0.657 88.592
0.659 88.474
0.661 88.355
0.663 88.237
0.665 88.121
0.667 88.006
0.669 87.896
0.670 87.789
0.672 87.690
0.674 87.591
0.676 87.491
0.678 87.387
0.680 87.280
0.682 87.176
0.684 87.075
0.686 86.972
0.688 86.874
0.690 86.777
0.692 86.681
0.694 86.586
0.696 86.492
0.697 86.401
0.699 86.315
0.701 86.230
0.703 86.146
0.705 86.060
0.707 85.976
0.709 85.893
0.711 85.809
0.713 85.728
0.715 85.648
0.717 85.568
0.719 85.488
0.721 85.407
0.723 85.326
0.725 85.245
0.726 85.166
0.728 85.089
0.730 85.014
0.732 84.940
0.734 84.868
0.736 84.797
0.738 84.727
0.740 84.656
0.742 84.585
0.744 84.513
0.746 84.438
0.748 84.362
0.750 84.285
0.752 84.209
0.754 84.134
0.755 84.061
0.757 83.988
0.759 83.915
0.761 83.841
0.763 83.772
0.765 83.710
0.767 83.652
0.769 83.595
0.771 83.539
0.773 83.483
0.775 83.429
0.777 83.375
0.779 83.322
0.781 83.275
0.783 83.235
0.784 83.203
0.786 83.180
0.788 83.160
0.790 83.142
0.792 83.126
0.794 83.110
0.796 83.091
0.798 83.073
0.800 83.058
0.802 83.044
0.804 83.031
0.806 83.014
0.808 83.001
0.810 82.990
0.811 82.976
0.813 82.956
0.815 82.929
0.817 82.901
0.819 82.864
0.821 82.827
0.823 82.789
0.825 82.748
0.827 82.695
0.829 82.638
0.831 82.570
0.833 82.499
0.835 82.431
0.837 82.363
0.839 82.295
0.840 82.218
0.842 82.147
0.844 82.072
0.846 81.995
0.848 81.916
0.850 81.832
0.852 81.748
0.854 81.664
0.856 81.577
0.858 81.488
0.860 81.404
0.862 81.325
0.864 81.248
0.866 81.174
0.868 81.101
0.869 81.024
0.871 80.950
0.873 80.881
0.875 80.814
0.877 80.749
0.879 80.681
0.881 80.603
0.883 80.513
0.885 80.415
0.887 80.315
0.889 80.212
0.891 80.098
0.893 79.971
0.895 79.840
0.896 79.708
0.898 79.581
0.900 79.452
0.902 79.323
0.904 79.200
0.906 79.083
0.908 78.967
0.910 78.857
0.912 78.754
0.914 78.651
0.916 78.548
0.918 78.445
0.920 78.361
0.922 78.282
0.924 78.202
0.925 78.118
0.927 78.035
0.929 77.963
0.931 77.890
0.933 77.814
0.935 77.737
0.937 77.662
0.939 77.583
0.941 77.501
0.943 77.422
0.945 77.345
0.947 77.269
0.949 77.190
0.951 77.111
0.953 77.032
0.954 76.956
0.956 76.904
0.958 76.858
0.960 76.811
0.962 76.764
0.964 76.718
