0.000 68.971
0.002 69.017
0.004 69.063
0.006 69.109
0.008 69.155
0.010 69.214
0.012 69.335
0.014 69.467
0.015 69.599
0.017 69.732
0.019 69.881
0.021 70.042
0.023 70.199
0.025 70.355
0.027 70.511
0.029 70.648
0.031 70.768
0.033 70.880
0.035 70.989
0.037 71.093
0.039 71.160
0.041 71.212
0.043 71.255
0.044 71.287
0.046 71.300
0.048 71.296
0.050 71.294
0.052 71.289
0.054 71.279
0.056 71.280
0.058 71.303
0.060 71.331
0.062 71.370
0.064 71.430
0.066 71.601
0.068 71.860
0.070 72.175
0.071 72.540
0.073 72.975
0.075 73.612
0.077 74.341
0.079 75.153
0.081 76.022
0.083 76.975
0.085 78.032
0.087 79.140
0.089 80.268
0.091 81.401
0.093 82.503
0.095 83.534
0.097 84.545
0.099 85.540
0.100 86.496
0.102 87.282
0.104 87.978
0.106 88.587
0.108 89.184
0.110 89.753
0.112 90.198
0.114 90.581
0.116 90.916
0.118 91.220
0.120 91.519
0.122 91.783
0.124 92.028
0.126 92.221
0.128 92.374
0.129 92.517
0.131 92.664
0.133 92.813
0.135 92.940
0.137 93.061
0.139 93.183
0.141 93.314
0.143 93.454
0.145 93.594
0.147 93.731
0.149 93.854
0.151 93.974
0.153 94.099
0.155 94.223
0.157 94.347
0.158 94.480
0.160 94.619
0.162 94.758
0.164 94.901
0.166 95.050
0.168 95.201
0.170 95.352
0.172 95.513
0.174 95.672
0.176 95.826
0.178 95.978
0.180 96.132
0.182 96.285
0.184 96.427
0.185 96.563
0.187 96.703
0.189 96.844
0.191 96.981
0.193 97.113
0.195 97.239
0.197 97.360
0.199 97.484
0.201 97.617
0.203 97.751
0.205 97.884
0.207 98.024
0.209 98.167
0.211 98.320
0.213 98.486
0.214 98.662
0.216 98.836
0.218 99.010
0.220 99.182
0.222 99.364
0.224 99.560
0.226 99.765
0.228 99.975
0.230 100.183
0.232 100.396
0.234 100.609
0.236 100.819
0.238 101.028
0.240 101.244
0.242 101.465
0.243 101.682
0.245 101.878
0.247 102.076
0.249 102.275
0.251 102.469
0.253 102.653
0.255 102.833
0.257 103.000
0.259 103.150
0.261 103.301
0.263 103.464
0.265 103.628
0.267 103.781
0.269 103.935
0.270 104.084
0.272 104.225
0.274 104.373
0.276 104.527
0.278 104.680
0.280 104.828
0.282 104.972
0.284 105.106
0.286 105.240
0.288 105.369
0.290 105.489
0.292 105.609
0.294 105.711
0.296 105.801
0.298 105.888
0.299 105.964
0.301 106.036
0.303 106.101
0.305 106.143
0.307 106.169
0.309 106.183
0.311 106.182
0.313 106.158
0.315 106.107
0.317 106.027
0.319 105.931
0.321 105.812
0.323 105.652
0.325 105.466
0.327 105.230
0.328 104.973
0.330 104.686
0.332 104.310
0.334 103.902
0.336 103.461
0.338 102.974
0.340 102.463
0.342 101.877
0.344 101.294
0.346 100.692
0.348 100.051
0.350 99.440
0.352 98.797
0.354 98.207
0.356 97.638
0.357 97.130
0.359 96.726
0.361 96.382
0.363 96.125
0.365 95.944
0.367 95.805
0.369 95.805
0.371 95.874
0.373 96.024
0.375 96.218
0.377 96.413
0.379 96.619
0.381 96.841
0.383 97.018
0.384 97.168
0.386 97.284
0.388 97.340
0.390 97.352
0.392 97.316
0.394 97.258
0.396 97.170
0.398 97.026
0.400 96.867
0.402 96.698
0.404 96.525
0.406 96.337
0.408 96.139
0.410 95.979
0.412 95.883
0.413 95.784
0.415 95.689
0.417 95.608
0.419 95.539
0.421 95.486
0.423 95.419
0.425 95.351
0.427 95.309
0.429 95.306
0.431 95.300
0.433 95.277
0.435 95.257
0.437 95.237
0.439 95.234
0.441 95.225
0.442 95.211
0.444 95.193
0.446 95.176
0.448 95.156
0.450 95.101
0.452 95.045
0.454 94.986
0.456 94.924
0.458 94.861
0.460 94.791
0.462 94.701
0.464 94.611
0.466 94.519
0.468 94.427
0.470 94.343
0.471 94.256
0.473 94.165
0.475 94.074
0.477 93.982
0.479 93.883
0.481 93.783
0.483 93.681
0.485 93.578
0.487 93.474
0.489 93.362
0.491 93.250
0.493 93.136
0.495 93.019
0.497 92.896
0.498 92.766
0.500 92.636
0.502 92.496
0.504 92.351
0.506 92.209
0.508 92.067
0.510 91.925
0.512 91.774
0.514 91.622
0.516 91.468
0.518 91.312
0.520 91.156
0.522 90.999
0.524 90.843
0.526 90.681
0.527 90.516
0.529 90.346
0.531 90.171
0.533 89.998
0.535 89.823
0.537 89.649
0.539 89.472
0.541 89.297
0.543 89.121
0.545 88.943
0.547 88.764
0.549 88.593
0.551 88.419
0.553 88.247
0.555 88.077
0.556 87.909
0.558 87.741
0.560 87.579
0.562 87.417
0.564 87.251
0.566 87.081
0.568 86.910
0.570 86.741
0.572 86.575
0.574 86.413
0.576 86.255
0.578 86.097
0.580 85.938
0.582 85.781
0.583 85.632
0.585 85.487
0.587 85.351
0.589 85.225
0.591 85.102
0.593 84.974
0.595 84.846
0.597 84.717
0.599 84.588
0.601 84.459
0.603 84.331
0.605 84.205
0.607 84.072
0.609 83.937
0.611 83.800
0.612 83.663
0.614 83.528
0.616 83.389
0.618 83.249
0.620 83.107
0.622 82.965
0.624 82.822
0.626 82.680
0.628 82.537
0.630 82.399
0.632 82.267
0.634 82.138
0.636 82.008
0.638 81.882
0.640 81.756
0.641 81.632
0.643 81.508
0.645 81.386
0.647 81.263
0.649 81.138
0.651 81.007
0.653 80.880
0.655 80.757
0.657 80.635
0.659 80.514
0.661 80.392
0.663 80.278
0.665 80.163
0.667 80.046
0.669 79.934
0.670 79.824
0.672 79.712
0.674 79.605
0.676 79.502
0.678 79.400
0.680 79.304
0.682 79.210
0.684 79.114
0.686 79.018
0.688 78.918
0.690 78.820
0.692 78.725
0.694 78.630
0.696 78.542
0.697 78.457
0.699 78.368
0.701 78.280
0.703 78.192
0.705 78.097
0.707 78.004
0.709 77.912
0.711 77.822
0.713 77.736
0.715 77.651
0.717 77.565
0.719 77.481
0.721 77.392
0.723 77.304
0.725 77.218
0.726 77.131
0.728 77.046
0.730 76.965
0.732 76.885
0.734 76.804
0.736 76.727
0.738 76.649
0.740 76.573
0.742 76.495
0.744 76.421
0.746 76.354
0.748 76.291
0.750 76.227
0.752 76.163
0.754 76.098
0.755 76.028
0.757 75.958
0.759 75.890
0.761 75.821
0.763 75.753
0.765 75.688
0.767 75.620
0.769 75.551
0.771 75.488
0.773 75.432
0.775 75.378
0.777 75.335
0.779 75.293
0.781 75.255
0.783 75.223
0.784 75.199
0.786 75.172
0.788 75.144
0.790 75.120
0.792 75.096
0.794 75.074
0.796 75.050
0.798 75.030
0.800 75.014
0.802 74.999
0.804 74.978
0.806 74.950
0.808 74.921
0.810 74.881
0.811 74.838
0.813 74.793
0.815 74.749
0.817 74.701
0.819 74.649
0.821 74.593
0.823 74.533
0.825 74.470
0.827 74.402
0.829 74.329
0.831 74.254
0.833 74.177
0.835 74.100
0.837 74.015
0.839 73.921
0.840 73.825
0.842 73.731
0.844 73.642
0.846 73.559
0.848 73.481
0.850 73.404
0.852 73.337
0.854 73.281
0.856 73.237
0.858 73.198
0.860 73.161
0.862 73.126
0.864 73.096
0.866 73.067
0.868 73.041
0.869 73.006
0.871 72.967
0.873 72.929
0.875 72.875
0.877 72.815
0.879 72.743
0.881 72.653
0.883 72.541
0.885 72.417
0.887 72.296
0.889 72.178
0.891 72.058
0.893 71.917
0.895 71.775
0.896 71.638
0.898 71.502
0.900 71.369
0.902 71.250
0.904 71.136
0.906 71.027
0.908 70.917
0.910 70.814
0.912 70.718
0.914 70.628
0.916 70.543
0.918 70.461
0.920 70.400
0.922 70.352
0.924 70.306
0.925 70.254
0.927 70.204
0.929 70.168
0.931 70.125
0.933 70.078
0.935 70.025
0.937 69.977
0.939 69.917
0.941 69.852
0.943 69.786
0.945 69.720
0.947 69.652
0.949 69.581
0.951 69.510
0.953 69.438
0.954 69.372
0.956 69.316
0.958 69.265
0.960 69.214
0.962 69.163
0.964 69.112
