time /s	 Tra 3	Err 3	 Tra 1	Err 1	 Tra 2	Err 2	 Tra 4	Err 4
0.000	0.876	0.009	63.215	1.792	51.275	1.616	0.000	0.000
0.002	0.876	0.009	63.209	1.787	51.311	1.630	0.000	0.000
0.003	0.876	0.009	63.204	1.783	51.347	1.644	0.000	0.000
0.005	0.876	0.009	63.198	1.779	51.384	1.659	0.000	0.000
0.006	0.876	0.009	63.193	1.776	51.420	1.674	0.000	0.000
0.008	0.876	0.009	63.187	1.772	51.456	1.690	0.000	0.000
0.010	0.876	0.009	63.183	1.768	51.495	1.707	0.000	0.000
0.011	0.876	0.009	63.192	1.763	51.622	1.767	0.000	0.000
0.013	0.876	0.009	63.201	1.760	51.760	1.842	0.000	0.000
0.014	0.876	0.009	63.212	1.758	51.895	1.923	0.000	0.000
0.016	0.876	0.009	63.223	1.757	52.028	2.011	0.000	0.000
0.018	0.876	0.009	63.233	1.756	52.161	2.106	0.000	0.000
0.019	0.876	0.009	63.245	1.758	52.301	2.212	0.000	0.000
0.021	0.876	0.009	63.292	1.787	52.552	2.403	0.000	0.000
0.022	0.876	0.009	63.351	1.820	52.837	2.622	0.000	0.000
0.024	0.876	0.009	63.412	1.853	53.130	2.841	0.000	0.000
0.026	0.876	0.009	63.473	1.888	53.423	3.069	0.000	0.000
0.027	0.876	0.009	63.535	1.924	53.716	3.304	0.000	0.000
0.029	0.876	0.009	63.603	1.968	54.019	3.553	0.000	0.000
0.030	0.876	0.009	63.708	2.049	54.412	3.862	0.000	0.000
0.032	0.876	0.009	63.836	2.149	54.828	4.201	0.000	0.000
0.034	0.876	0.009	63.970	2.245	55.262	4.523	0.000	0.000
0.035	0.876	0.009	64.107	2.344	55.702	4.842	0.000	0.000
0.037	0.876	0.009	64.244	2.445	56.141	5.166	0.000	0.000
0.038	0.876	0.009	64.403	2.560	56.582	5.498	0.000	0.000
0.040	0.876	0.009	64.648	2.740	57.083	5.818	0.000	0.000
0.042	0.876	0.009	64.946	2.975	57.577	6.127	0.000	0.000
0.043	0.876	0.009	65.243	3.215	58.072	6.438	0.000	0.000
0.045	0.876	0.009	65.551	3.448	58.578	6.744	0.000	0.000
0.046	0.876	0.009	65.862	3.680	59.079	7.057	0.000	0.000
0.048	0.876	0.009	66.196	3.936	59.575	7.370	0.000	0.000
0.050	0.876	0.009	66.602	4.243	60.100	7.677	0.000	0.000
0.051	0.876	0.009	67.056	4.595	60.650	8.006	0.000	0.000
0.053	0.876	0.009	67.513	4.954	61.205	8.343	0.000	0.000
0.054	0.876	0.009	67.973	5.312	61.764	8.680	0.000	0.000
0.056	0.876	0.009	68.437	5.670	62.331	9.015	0.000	0.000
0.058	0.876	0.009	68.917	6.052	62.899	9.354	0.000	0.000
0.059	0.876	0.009	69.467	6.451	63.482	9.648	0.000	0.000
0.061	0.876	0.009	70.091	6.913	64.040	9.917	0.000	0.000
0.062	0.876	0.009	70.729	7.392	64.583	10.175	0.000	0.000
0.064	0.876	0.009	71.366	7.874	65.129	10.433	0.000	0.000
0.066	0.876	0.009	72.006	8.356	65.683	10.684	0.000	0.000
0.067	0.876	0.009	72.692	8.893	66.230	10.927	0.000	0.000
0.069	0.876	0.009	73.456	9.471	66.790	11.149	0.000	0.000
0.070	0.876	0.009	74.308	10.131	67.350	11.372	0.000	0.000
0.072	0.876	0.009	75.197	10.828	67.929	11.613	0.000	0.000
0.074	0.876	0.009	76.091	11.520	68.522	11.834	0.000	0.000
0.075	0.877	0.009	76.986	12.206	69.121	12.044	0.000	0.000
0.077	0.877	0.009	77.877	12.830	69.686	12.230	0.000	0.000
0.078	0.877	0.009	78.853	13.439	70.243	12.396	0.000	0.000
0.080	0.877	0.009	79.794	14.008	70.761	12.528	0.000	0.000
0.082	0.876	0.009	80.686	14.537	71.232	12.612	0.000	0.000
0.083	0.876	0.009	81.582	15.062	71.734	12.647	0.000	0.000
0.085	0.876	0.009	82.462	15.569	72.232	12.679	0.000	0.000
0.086	0.876	0.009	83.258	15.974	72.709	12.694	0.000	0.000
0.088	0.876	0.009	84.066	16.268	73.151	12.687	0.000	0.000
0.090	0.876	0.009	84.750	16.446	73.560	12.657	0.000	0.000
0.091	0.877	0.009	85.322	16.515	73.946	12.602	0.000	0.000
0.093	0.877	0.009	85.896	16.564	74.337	12.536	0.000	0.000
0.094	0.877	0.009	86.461	16.616	74.726	12.478	0.000	0.000
0.096	0.877	0.009	87.005	16.662	75.113	12.423	0.000	0.000
0.098	0.877	0.009	87.519	16.608	75.454	12.357	0.000	0.000
0.099	0.877	0.009	87.977	16.495	75.770	12.282	0.000	0.000
0.101	0.877	0.009	88.403	16.363	76.091	12.207	0.000	0.000
0.102	0.876	0.009	88.821	16.241	76.415	12.133	0.000	0.000
0.104	0.876	0.009	89.233	16.136	76.740	12.066	0.000	0.000
0.106	0.876	0.009	89.634	16.050	77.067	12.007	0.000	0.000
0.107	0.876	0.009	89.999	15.866	77.368	11.934	0.000	0.000
0.109	0.876	0.009	90.325	15.686	77.666	11.861	0.000	0.000
0.110	0.876	0.009	90.649	15.486	77.957	11.799	0.000	0.000
0.112	0.876	0.009	90.966	15.296	78.249	11.742	0.000	0.000
0.114	0.876	0.009	91.283	15.125	78.539	11.688	0.000	0.000
0.115	0.876	0.009	91.600	14.974	78.829	11.638	0.000	0.000
0.117	0.876	0.009	91.849	14.785	79.096	11.589	0.000	0.000
0.118	0.876	0.009	92.088	14.568	79.362	11.546	0.000	0.000
0.120	0.876	0.009	92.313	14.281	79.617	11.505	0.000	0.000
0.122	0.876	0.009	92.523	13.989	79.880	11.433	0.000	0.000
0.123	0.876	0.009	92.736	13.721	80.137	11.358	0.000	0.000
0.125	0.876	0.009	92.950	13.476	80.391	11.284	0.000	0.000
0.126	0.876	0.009	93.071	13.231	80.628	11.216	0.000	0.000
0.128	0.876	0.009	93.208	12.943	80.857	11.138	0.000	0.000
0.130	0.876	0.009	93.358	12.642	81.075	11.051	0.000	0.000
0.131	0.876	0.009	93.500	12.363	81.287	10.962	0.000	0.000
0.133	0.876	0.009	93.654	12.115	81.497	10.876	0.000	0.000
0.135	0.876	0.009	93.815	11.885	81.723	10.745	0.000	0.000
0.136	0.876	0.009	93.937	11.669	81.934	10.601	0.000	0.000
0.138	0.876	0.009	94.023	11.496	82.121	10.471	0.000	0.000
0.139	0.876	0.009	94.113	11.344	82.308	10.344	0.000	0.000
0.141	0.876	0.009	94.216	11.217	82.493	10.219	0.000	0.000
0.143	0.876	0.009	94.317	11.108	82.672	10.094	0.000	0.000
0.144	0.876	0.009	94.418	11.019	82.850	9.970	0.000	0.000
0.146	0.876	0.009	94.485	10.948	83.016	9.850	0.000	0.000
0.147	0.876	0.009	94.493	10.876	83.167	9.724	0.000	0.000
0.149	0.876	0.009	94.505	10.797	83.321	9.582	0.000	0.000
0.151	0.876	0.009	94.518	10.721	83.472	9.439	0.000	0.000
0.152	0.876	0.009	94.521	10.645	83.606	9.291	0.000	0.000
0.154	0.876	0.009	94.516	10.570	83.731	9.142	0.000	0.000
0.155	0.876	0.009	94.476	10.484	83.839	8.993	0.000	0.000
0.157	0.876	0.009	94.422	10.396	83.941	8.845	0.000	0.000
0.159	0.876	0.009	94.377	10.312	84.043	8.697	0.000	0.000
0.160	0.876	0.009	94.342	10.221	84.146	8.547	0.000	0.000
0.162	0.876	0.009	94.317	10.102	84.261	8.390	0.000	0.000
0.163	0.876	0.009	94.287	9.984	84.371	8.232	0.000	0.000
0.165	0.876	0.009	94.267	9.874	84.490	8.081	0.000	0.000
0.167	0.876	0.009	94.259	9.771	84.611	7.932	0.000	0.000
0.168	0.876	0.009	94.257	9.673	84.733	7.785	0.000	0.000
0.170	0.877	0.009	94.263	9.579	84.859	7.639	0.000	0.000
0.171	0.877	0.009	94.297	9.498	84.989	7.496	0.000	0.000
0.173	0.877	0.009	94.326	9.418	85.115	7.355	0.000	0.000
0.175	0.877	0.009	94.366	9.298	85.215	7.220	0.000	0.000
0.176	0.877	0.009	94.403	9.174	85.310	7.084	0.000	0.000
0.178	0.877	0.009	94.434	9.049	85.403	6.947	0.000	0.000
0.179	0.877	0.009	94.456	8.923	85.494	6.809	0.000	0.000
0.181	0.876	0.009	94.466	8.794	85.583	6.671	0.000	0.000
0.183	0.876	0.009	94.468	8.667	85.666	6.535	0.000	0.000
0.184	0.877	0.009	94.486	8.544	85.747	6.401	0.000	0.000
0.186	0.877	0.009	94.520	8.425	85.832	6.270	0.000	0.000
0.187	0.877	0.009	94.578	8.241	85.920	6.142	0.000	0.000
0.189	0.877	0.009	94.648	8.007	86.002	6.010	0.000	0.000
0.191	0.877	0.009	94.710	7.773	86.077	5.874	0.000	0.000
0.192	0.877	0.009	94.786	7.536	86.143	5.741	0.000	0.000
0.194	0.876	0.009	94.883	7.298	86.209	5.609	0.000	0.000
0.195	0.876	0.009	94.993	7.060	86.276	5.480	0.000	0.000
0.197	0.876	0.009	95.109	6.826	86.347	5.356	0.000	0.000
0.199	0.876	0.009	95.233	6.597	86.414	5.233	0.000	0.000
0.200	0.876	0.009	95.365	6.352	86.479	5.109	0.000	0.000
0.202	0.876	0.009	95.513	6.052	86.547	4.980	0.000	0.000
0.203	0.876	0.009	95.661	5.752	86.628	4.865	0.000	0.000
0.205	0.876	0.009	95.806	5.455	86.717	4.762	0.000	0.000
0.207	0.876	0.009	95.940	5.163	86.820	4.677	0.000	0.000
0.208	0.877	0.009	96.071	4.884	86.929	4.601	0.000	0.000
0.210	0.877	0.009	96.205	4.611	87.040	4.533	0.000	0.000
0.211	0.877	0.009	96.349	4.350	87.158	4.475	0.000	0.000
0.213	0.876	0.009	96.468	4.109	87.286	4.444	0.000	0.000
0.215	0.876	0.009	96.561	3.928	87.405	4.465	0.000	0.000
0.216	0.876	0.009	96.656	3.770	87.535	4.516	0.000	0.000
0.218	0.876	0.009	96.754	3.629	87.662	4.581	0.000	0.000
0.219	0.876	0.009	96.865	3.491	87.785	4.658	0.000	0.000
0.221	0.876	0.009	96.976	3.370	87.918	4.747	0.000	0.000
0.223	0.876	0.009	97.086	3.284	88.080	4.888	0.000	0.000
0.224	0.876	0.009	97.195	3.229	88.251	5.055	0.000	0.000
0.226	0.876	0.009	97.307	3.207	88.419	5.228	0.000	0.000
0.227	0.876	0.009	97.382	3.221	88.592	5.411	0.000	0.000
0.229	0.876	0.009	97.437	3.254	88.772	5.598	0.000	0.000
0.231	0.876	0.009	97.493	3.293	88.969	5.797	0.000	0.000
0.232	0.876	0.009	97.560	3.303	89.183	5.992	0.000	0.000
0.234	0.876	0.009	97.631	3.302	89.399	6.185	0.000	0.000
0.235	0.876	0.009	97.701	3.301	89.598	6.352	0.000	0.000
0.237	0.876	0.009	97.779	3.312	89.803	6.518	0.000	0.000
0.239	0.876	0.009	97.861	3.327	90.017	6.684	0.000	0.000
0.240	0.876	0.009	97.936	3.340	90.234	6.859	0.000	0.000
0.242	0.876	0.008	98.008	3.362	90.463	7.029	0.000	0.000
0.243	0.876	0.008	98.086	3.392	90.695	7.192	0.000	0.000
0.245	0.876	0.008	98.166	3.426	90.940	7.377	0.000	0.000
0.247	0.876	0.008	98.235	3.470	91.199	7.554	0.000	0.000
0.248	0.876	0.008	98.307	3.513	91.457	7.733	0.000	0.000
0.250	0.876	0.008	98.381	3.553	91.714	7.914	0.000	0.000
0.251	0.876	0.008	98.423	3.589	91.972	8.059	0.000	0.000
0.253	0.876	0.008	98.454	3.626	92.237	8.194	0.000	0.000
0.255	0.876	0.008	98.466	3.650	92.493	8.308	0.000	0.000
0.256	0.876	0.008	98.472	3.666	92.771	8.396	0.000	0.000
0.258	0.876	0.008	98.470	3.685	93.044	8.491	0.000	0.000
0.259	0.876	0.008	98.468	3.703	93.316	8.588	0.000	0.000
0.261	0.876	0.008	98.497	3.723	93.604	8.646	0.000	0.000
0.263	0.876	0.008	98.538	3.746	93.898	8.690	0.000	0.000
0.264	0.876	0.008	98.591	3.771	94.215	8.724	0.000	0.000
0.266	0.876	0.008	98.651	3.796	94.548	8.753	0.000	0.000
0.267	0.876	0.008	98.709	3.818	94.879	8.789	0.000	0.000
0.269	0.876	0.008	98.765	3.841	95.209	8.832	0.000	0.000
0.271	0.876	0.008	98.805	3.840	95.545	8.857	0.000	0.000
0.272	0.876	0.008	98.837	3.827	95.881	8.876	0.000	0.000
0.274	0.876	0.008	98.852	3.820	96.229	8.895	0.000	0.000
0.275	0.876	0.008	98.862	3.810	96.582	8.918	0.000	0.000
0.277	0.876	0.008	98.867	3.802	96.935	8.950	0.000	0.000
0.279	0.876	0.008	98.868	3.796	97.286	8.991	0.000	0.000
0.280	0.876	0.008	98.865	3.787	97.625	9.032	0.000	0.000
0.282	0.876	0.008	98.861	3.777	97.939	9.081	0.000	0.000
0.283	0.876	0.008	98.857	3.768	98.226	9.146	0.000	0.000
0.285	0.877	0.007	98.856	3.762	98.513	9.220	0.000	0.000
0.287	0.877	0.007	98.856	3.759	98.799	9.303	0.000	0.000
0.288	0.877	0.007	98.858	3.756	99.085	9.393	0.000	0.000
0.290	0.877	0.007	98.868	3.755	99.372	9.502	0.000	0.000
0.291	0.877	0.007	98.888	3.738	99.658	9.621	0.000	0.000
0.293	0.877	0.007	98.908	3.708	99.931	9.736	0.000	0.000
0.295	0.877	0.007	98.931	3.684	100.203	9.865	0.000	0.000
0.296	0.877	0.007	98.953	3.663	100.475	9.998	0.000	0.000
0.298	0.877	0.007	98.973	3.644	100.748	10.135	0.000	0.000
0.299	0.877	0.007	98.982	3.633	101.010	10.273	0.000	0.000
0.301	0.877	0.007	98.975	3.630	101.276	10.407	0.000	0.000
0.303	0.877	0.007	98.951	3.625	101.531	10.536	0.000	0.000
0.304	0.877	0.007	98.922	3.618	101.800	10.670	0.000	0.000
0.306	0.877	0.007	98.892	3.615	102.069	10.806	0.000	0.000
0.307	0.878	0.007	98.860	3.609	102.342	10.936	0.000	0.000
0.309	0.878	0.007	98.827	3.595	102.598	11.052	0.000	0.000
0.311	0.878	0.007	98.778	3.574	102.829	11.146	0.000	0.000
0.312	0.878	0.007	98.704	3.552	103.019	11.219	0.000	0.000
0.314	0.878	0.007	98.612	3.520	103.189	11.286	0.000	0.000
0.315	0.878	0.007	98.517	3.497	103.358	11.361	0.000	0.000
0.317	0.878	0.007	98.409	3.485	103.515	11.452	0.000	0.000
0.319	0.878	0.007	98.280	3.478	103.640	11.531	0.000	0.000
0.320	0.878	0.007	98.133	3.470	103.719	11.587	0.000	0.000
0.322	0.878	0.007	97.973	3.457	103.754	11.628	0.000	0.000
0.323	0.878	0.006	97.792	3.432	103.768	11.662	0.000	0.000
0.325	0.878	0.006	97.609	3.422	103.778	11.712	0.000	0.000
0.327	0.878	0.006	97.408	3.434	103.765	11.799	0.000	0.000
0.328	0.878	0.006	97.177	3.446	103.682	11.872	0.000	0.000
0.330	0.878	0.006	96.931	3.450	103.582	11.928	0.000	0.000
0.331	0.878	0.006	96.668	3.444	103.463	11.961	0.000	0.000
0.333	0.878	0.006	96.387	3.444	103.296	11.972	0.000	0.000
0.335	0.878	0.006	96.107	3.465	103.130	11.992	0.000	0.000
0.336	0.878	0.006	95.819	3.511	102.933	12.058	0.000	0.000
0.338	0.878	0.006	95.502	3.548	102.669	12.129	0.000	0.000
0.339	0.878	0.006	95.193	3.534	102.366	12.187	0.000	0.000
0.341	0.878	0.006	94.890	3.517	102.048	12.251	0.000	0.000
0.343	0.879	0.006	94.589	3.523	101.781	12.343	0.000	0.000
0.344	0.879	0.006	94.288	3.553	101.514	12.445	0.000	0.000
0.346	0.879	0.006	93.985	3.598	101.239	12.564	0.000	0.000
0.347	0.879	0.006	93.675	3.616	100.958	12.677	0.000	0.000
0.349	0.879	0.006	93.365	3.614	100.522	12.826	0.000	0.000
0.351	0.879	0.006	93.067	3.627	100.058	13.045	0.000	0.000
0.352	0.879	0.006	92.817	3.635	99.511	13.281	0.000	0.000
0.354	0.879	0.006	92.570	3.657	98.957	13.563	0.000	0.000
0.355	0.879	0.006	92.321	3.663	98.405	13.874	0.000	0.000
0.357	0.879	0.006	92.120	3.592	97.727	14.087	0.000	0.000
0.359	0.879	0.006	91.901	3.553	97.011	14.168	0.000	0.000
0.360	0.879	0.006	91.694	3.522	96.202	14.201	0.000	0.000
0.362	0.879	0.006	91.517	3.489	95.186	14.183	0.000	0.000
0.363	0.879	0.006	91.340	3.468	94.150	14.219	0.000	0.000
0.365	0.879	0.006	91.147	3.457	93.098	14.289	0.000	0.000
0.367	0.879	0.006	90.974	3.474	92.052	14.340	0.000	0.000
0.368	0.879	0.006	90.801	3.500	91.096	14.260	0.000	0.000
0.370	0.879	0.006	90.625	3.530	90.135	14.258	0.000	0.000
0.371	0.879	0.006	90.451	3.572	89.174	14.328	0.000	0.000
0.373	0.879	0.006	90.268	3.631	88.201	14.453	0.000	0.000
0.375	0.879	0.006	90.084	3.714	87.215	14.631	0.000	0.000
0.376	0.879	0.005	89.891	3.823	86.307	14.689	0.000	0.000
0.378	0.879	0.005	89.723	3.922	85.465	14.645	0.000	0.000
0.379	0.879	0.005	89.527	3.984	84.597	14.655	0.000	0.000
0.381	0.879	0.005	89.300	4.055	84.046	14.459	0.000	0.000
0.383	0.879	0.006	89.087	4.118	83.528	14.177	0.000	0.000
0.384	0.879	0.006	88.878	4.185	83.004	13.897	0.000	0.000
0.386	0.879	0.006	88.679	4.226	82.433	13.385	0.000	0.000
0.387	0.879	0.006	88.497	4.246	81.822	12.683	0.000	0.000
0.389	0.879	0.006	88.312	4.271	81.205	12.031	0.000	0.000
0.391	0.879	0.006	88.119	4.289	80.593	11.390	0.000	0.000
0.392	0.879	0.006	87.950	4.294	79.945	10.716	0.000	0.000
0.394	0.879	0.006	87.780	4.309	79.297	10.117	0.000	0.000
0.395	0.879	0.006	87.604	4.324	78.655	9.600	0.000	0.000
0.397	0.879	0.006	87.418	4.343	78.015	9.126	0.000	0.000
0.399	0.878	0.006	87.233	4.370	77.375	8.685	0.000	0.000
0.400	0.878	0.006	87.066	4.395	76.709	8.241	0.000	0.000
0.402	0.878	0.006	86.919	4.414	76.018	7.805	0.000	0.000
0.404	0.878	0.006	86.772	4.437	75.326	7.429	0.000	0.000
0.405	0.878	0.006	86.609	4.475	74.679	7.074	0.000	0.000
0.407	0.878	0.006	86.428	4.526	74.077	6.740	0.000	0.000
0.408	0.878	0.006	86.248	4.581	73.475	6.485	0.000	0.000
0.410	0.878	0.006	86.051	4.647	72.858	6.312	0.000	0.000
0.412	0.878	0.006	85.870	4.715	72.245	6.241	0.000	0.000
0.413	0.878	0.006	85.697	4.788	71.638	6.276	0.000	0.000
0.415	0.878	0.006	85.537	4.888	71.117	6.383	0.000	0.000
0.416	0.878	0.006	85.375	4.994	70.677	6.519	0.000	0.000
0.418	0.878	0.006	85.214	5.100	70.257	6.698	0.000	0.000
0.420	0.878	0.006	85.054	5.204	69.937	6.852	0.000	0.000
0.421	0.878	0.006	84.884	5.308	69.595	7.018	0.000	0.000
0.423	0.878	0.006	84.722	5.413	69.283	7.187	0.000	0.000
0.424	0.878	0.006	84.561	5.514	68.986	7.352	0.000	0.000
0.426	0.877	0.006	84.404	5.611	68.708	7.511	0.000	0.000
0.428	0.877	0.006	84.255	5.722	68.475	7.631	0.000	0.000
0.429	0.877	0.006	84.111	5.836	68.293	7.712	0.000	0.000
0.431	0.877	0.007	83.958	5.951	68.122	7.790	0.000	0.000
0.432	0.877	0.007	83.802	6.068	67.954	7.871	0.000	0.000
0.434	0.877	0.007	83.621	6.196	67.800	7.944	0.000	0.000
0.436	0.877	0.007	83.436	6.319	67.647	8.015	0.000	0.000
0.437	0.877	0.007	83.245	6.445	67.483	8.093	0.000	0.000
0.439	0.877	0.007	83.053	6.573	67.318	8.174	0.000	0.000
0.440	0.877	0.007	82.852	6.684	67.162	8.236	0.000	0.000
0.442	0.877	0.007	82.647	6.779	67.011	8.284	0.000	0.000
0.444	0.877	0.007	82.437	6.874	66.858	8.325	0.000	0.000
0.445	0.877	0.007	82.218	6.971	66.695	8.364	0.000	0.000
0.447	0.877	0.007	81.991	7.071	66.525	8.409	0.000	0.000
0.448	0.877	0.007	81.764	7.172	66.355	8.456	0.000	0.000
0.450	0.877	0.007	81.533	7.275	66.188	8.503	0.000	0.000
0.452	0.877	0.007	81.303	7.372	66.027	8.549	0.000	0.000
0.453	0.877	0.007	81.087	7.447	65.873	8.600	0.000	0.000
0.455	0.877	0.007	80.851	7.513	65.718	8.666	0.000	0.000
0.456	0.877	0.007	80.607	7.586	65.558	8.735	0.000	0.000
0.458	0.877	0.007	80.363	7.661	65.398	8.806	0.000	0.000
0.460	0.877	0.007	80.131	7.732	65.244	8.874	0.000	0.000
0.461	0.877	0.008	79.901	7.802	65.090	8.944	0.000	0.000
0.463	0.877	0.008	79.669	7.870	64.938	9.015	0.000	0.000
0.464	0.877	0.008	79.420	7.946	64.785	9.089	0.000	0.000
0.466	0.877	0.008	79.168	8.029	64.627	9.164	0.000	0.000
0.468	0.876	0.008	78.923	8.136	64.467	9.233	0.000	0.000
0.469	0.876	0.008	78.661	8.253	64.296	9.306	0.000	0.000
0.471	0.877	0.008	78.393	8.373	64.120	9.381	0.000	0.000
0.472	0.877	0.008	78.136	8.489	63.951	9.454	0.000	0.000
0.474	0.877	0.008	77.901	8.591	63.795	9.521	0.000	0.000
0.476	0.877	0.008	77.685	8.677	63.635	9.589	0.000	0.000
0.477	0.877	0.008	77.466	8.763	63.475	9.657	0.000	0.000
0.479	0.877	0.008	77.263	8.844	63.312	9.726	0.000	0.000
0.480	0.877	0.008	77.066	8.922	63.152	9.804	0.000	0.000
0.482	0.876	0.008	76.880	8.993	62.998	9.886	0.000	0.000
0.484	0.876	0.008	76.710	9.056	62.850	9.967	0.000	0.000
0.485	0.876	0.008	76.558	9.107	62.706	10.046	0.000	0.000
0.487	0.876	0.008	76.401	9.159	62.563	10.125	0.000	0.000
0.488	0.876	0.008	76.248	9.210	62.424	10.204	0.000	0.000
0.490	0.876	0.008	76.109	9.256	62.283	10.283	0.000	0.000
0.492	0.876	0.008	75.991	9.294	62.145	10.361	0.000	0.000
0.493	0.876	0.008	75.878	9.330	62.012	10.437	0.000	0.000
0.495	0.876	0.008	75.768	9.358	61.886	10.511	0.000	0.000
0.496	0.876	0.008	75.658	9.389	61.760	10.584	0.000	0.000
0.498	0.876	0.008	75.552	9.417	61.642	10.656	0.000	0.000
0.500	0.876	0.008	75.456	9.444	61.534	10.724	0.000	0.000
0.501	0.876	0.008	75.386	9.459	61.442	10.786	0.000	0.000
0.503	0.876	0.008	75.325	9.474	61.351	10.849	0.000	0.000
0.504	0.876	0.008	75.264	9.492	61.264	10.910	0.000	0.000
0.506	0.876	0.008	75.202	9.511	61.179	10.971	0.000	0.000
0.508	0.876	0.008	75.141	9.536	61.092	11.025	0.000	0.000
0.509	0.876	0.008	75.071	9.563	61.009	11.075	0.000	0.000
0.511	0.876	0.008	75.025	9.580	60.937	11.118	0.000	0.000
0.512	0.876	0.009	75.000	9.592	60.861	11.162	0.000	0.000
0.514	0.876	0.009	74.979	9.605	60.786	11.206	0.000	0.000
0.516	0.876	0.009	74.959	9.618	60.713	11.250	0.000	0.000
0.517	0.876	0.009	74.937	9.633	60.641	11.293	0.000	0.000
0.519	0.876	0.009	74.915	9.645	60.567	11.338	0.000	0.000
0.520	0.876	0.009	74.901	9.652	60.493	11.370	0.000	0.000
0.522	0.876	0.009	74.892	9.658	60.424	11.392	0.000	0.000
0.524	0.876	0.009	74.883	9.665	60.355	11.415	0.000	0.000
0.525	0.876	0.009	74.874	9.675	60.286	11.439	0.000	0.000
0.527	0.876	0.009	74.864	9.685	60.222	11.461	0.000	0.000
0.528	0.876	0.009	74.854	9.697	60.178	11.476	0.000	0.000
0.530	0.876	0.009	74.845	9.708	60.136	11.490	0.000	0.000
0.532	0.876	0.009	74.837	9.718	60.099	11.503	0.000	0.000
0.533	0.876	0.009	74.825	9.721	60.058	11.503	0.000	0.000
0.535	0.876	0.009	74.803	9.708	60.007	11.476	0.000	0.000
0.536	0.876	0.009	74.781	9.697	59.955	11.450	0.000	0.000
0.538	0.876	0.009	74.758	9.687	59.903	11.425	0.000	0.000
0.540	0.876	0.009	74.735	9.678	59.856	11.399	0.000	0.000
0.541	0.876	0.009	74.712	9.667	59.826	11.365	0.000	0.000
0.543	0.876	0.009	74.688	9.657	59.798	11.331	0.000	0.000
0.544	0.876	0.009	74.661	9.649	59.771	11.296	0.000	0.000
0.546	0.876	0.009	74.633	9.642	59.741	11.262	0.000	0.000
0.548	0.876	0.009	74.588	9.588	59.694	11.185	0.000	0.000
0.549	0.876	0.009	74.537	9.537	59.648	11.107	0.000	0.000
0.551	0.876	0.008	74.472	9.490	59.608	11.028	0.000	0.000
0.552	0.876	0.008	74.421	9.432	59.571	10.946	0.000	0.000
0.554	0.876	0.008	74.364	9.377	59.540	10.863	0.000	0.000
0.556	0.876	0.008	74.299	9.325	59.510	10.778	0.000	0.000
0.557	0.876	0.008	74.232	9.273	59.485	10.693	0.000	0.000
0.559	0.876	0.008	74.160	9.223	59.464	10.606	0.000	0.000
0.560	0.876	0.008	74.067	9.127	59.434	10.469	0.000	0.000
0.562	0.876	0.008	73.971	9.008	59.395	10.313	0.000	0.000
0.564	0.876	0.008	73.880	8.884	59.350	10.160	0.000	0.000
0.565	0.876	0.008	73.786	8.762	59.299	10.007	0.000	0.000
0.567	0.876	0.009	73.693	8.640	59.240	9.856	0.000	0.000
0.568	0.876	0.009	73.597	8.519	59.178	9.706	0.000	0.000
0.570	0.876	0.009	73.495	8.400	59.115	9.558	0.000	0.000
0.572	0.876	0.009	73.392	8.282	59.058	9.408	0.000	0.000
0.573	0.876	0.009	73.282	8.140	58.998	9.239	0.000	0.000
0.575	0.876	0.009	73.167	7.960	58.933	9.041	0.000	0.000
0.576	0.876	0.008	73.052	7.780	58.857	8.846	0.000	0.000
0.578	0.876	0.008	72.939	7.600	58.775	8.653	0.000	0.000
0.580	0.876	0.008	72.826	7.422	58.677	8.466	0.000	0.000
0.581	0.876	0.008	72.710	7.246	58.582	8.280	0.000	0.000
0.583	0.876	0.008	72.593	7.070	58.482	8.096	0.000	0.000
0.584	0.876	0.008	72.477	6.894	58.387	7.907	0.000	0.000
0.586	0.876	0.008	72.365	6.726	58.295	7.717	0.000	0.000
0.588	0.876	0.008	72.280	6.649	58.211	7.549	0.000	0.000
0.589	0.876	0.008	72.190	6.574	58.125	7.379	0.000	0.000
0.591	0.876	0.008	72.101	6.500	58.033	7.213	0.000	0.000
0.592	0.876	0.008	72.009	6.427	57.935	7.050	0.000	0.000
0.594	0.876	0.008	71.919	6.354	57.843	6.886	0.000	0.000
0.596	0.876	0.008	71.825	6.283	57.762	6.718	0.000	0.000
0.597	0.876	0.008	71.732	6.211	57.683	6.550	0.000	0.000
0.599	0.876	0.008	71.644	6.138	57.607	6.383	0.000	0.000
0.600	0.876	0.008	71.586	6.151	57.550	6.292	0.000	0.000
0.602	0.876	0.008	71.537	6.194	57.498	6.227	0.000	0.000
0.604	0.876	0.008	71.488	6.238	57.441	6.163	0.000	0.000
0.605	0.876	0.008	71.437	6.282	57.377	6.103	0.000	0.000
0.607	0.876	0.008	71.384	6.328	57.305	6.047	0.000	0.000
0.608	0.876	0.008	71.334	6.377	57.227	5.992	0.000	0.000
0.610	0.876	0.008	71.284	6.427	57.148	5.939	0.000	0.000
0.612	0.876	0.008	71.236	6.476	57.068	5.885	0.000	0.000
0.613	0.876	0.008	71.190	6.523	57.000	5.855	0.000	0.000
0.615	0.876	0.008	71.147	6.567	56.941	5.855	0.000	0.000
0.616	0.876	0.008	71.105	6.611	56.888	5.854	0.000	0.000
0.618	0.876	0.008	71.069	6.650	56.843	5.847	0.000	0.000
0.620	0.876	0.008	71.033	6.688	56.800	5.840	0.000	0.000
0.621	0.876	0.008	70.994	6.726	56.756	5.834	0.000	0.000
0.623	0.876	0.008	70.955	6.764	56.707	5.829	0.000	0.000
0.624	0.876	0.008	70.919	6.802	56.662	5.823	0.000	0.000
0.626	0.876	0.008	70.884	6.835	56.618	5.818	0.000	0.000
0.628	0.876	0.008	70.833	6.828	56.585	5.805	0.000	0.000
0.629	0.876	0.008	70.783	6.820	56.555	5.791	0.000	0.000
0.631	0.876	0.008	70.736	6.813	56.526	5.776	0.000	0.000
0.632	0.876	0.008	70.690	6.805	56.497	5.763	0.000	0.000
0.634	0.876	0.008	70.646	6.797	56.469	5.750	0.000	0.000
0.636	0.876	0.009	70.604	6.789	56.446	5.737	0.000	0.000
0.637	0.876	0.009	70.563	6.780	56.431	5.717	0.000	0.000
0.639	0.876	0.009	70.518	6.771	56.409	5.703	0.000	0.000
0.640	0.876	0.009	70.476	6.783	56.381	5.684	0.000	0.000
0.642	0.877	0.009	70.437	6.798	56.351	5.665	0.000	0.000
0.644	0.877	0.009	70.401	6.812	56.321	5.647	0.000	0.000
0.645	0.877	0.009	70.366	6.826	56.290	5.631	0.000	0.000
0.647	0.877	0.009	70.340	6.835	56.259	5.617	0.000	0.000
0.648	0.877	0.008	70.315	6.844	56.224	5.606	0.000	0.000
0.650	0.877	0.008	70.299	6.849	56.194	5.595	0.000	0.000
0.652	0.877	0.008	70.283	6.853	56.168	5.583	0.000	0.000
0.653	0.877	0.008	70.268	6.858	56.143	5.571	0.000	0.000
0.655	0.876	0.008	70.250	6.862	56.116	5.556	0.000	0.000
0.656	0.876	0.009	70.230	6.867	56.082	5.538	0.000	0.000
0.658	0.876	0.009	70.210	6.871	56.049	5.520	0.000	0.000
0.660	0.876	0.009	70.192	6.876	56.030	5.497	0.000	0.000
0.661	0.876	0.009	70.175	6.880	56.015	5.472	0.000	0.000
0.663	0.876	0.009	70.154	6.886	55.998	5.449	0.000	0.000
0.664	0.876	0.009	70.118	6.895	55.971	5.430	0.000	0.000
0.666	0.876	0.009	70.069	6.901	55.945	5.406	0.000	0.000
0.668	0.876	0.009	70.014	6.888	55.914	5.367	0.000	0.000
0.669	0.876	0.009	69.956	6.878	55.886	5.327	0.000	0.000
0.671	0.876	0.009	69.907	6.866	55.864	5.286	0.000	0.000
0.673	0.876	0.009	69.854	6.856	55.840	5.246	0.000	0.000
0.674	0.876	0.009	69.794	6.847	55.816	5.208	0.000	0.000
0.676	0.876	0.009	69.735	6.838	55.801	5.169	0.000	0.000
0.677	0.876	0.009	69.679	6.829	55.788	5.130	0.000	0.000
0.679	0.876	0.009	69.628	6.816	55.782	5.091	0.000	0.000
0.681	0.876	0.009	69.565	6.766	55.768	5.052	0.000	0.000
0.682	0.876	0.009	69.493	6.714	55.748	5.015	0.000	0.000
0.684	0.876	0.009	69.419	6.664	55.729	4.979	0.000	0.000
0.685	0.876	0.009	69.350	6.613	55.715	4.938	0.000	0.000
0.687	0.876	0.009	69.285	6.561	55.700	4.898	0.000	0.000
0.689	0.876	0.009	69.227	6.508	55.683	4.860	0.000	0.000
0.690	0.876	0.009	69.163	6.457	55.660	4.822	0.000	0.000
0.692	0.877	0.009	69.094	6.408	55.630	4.784	0.000	0.000
0.693	0.877	0.009	69.025	6.352	55.594	4.742	0.000	0.000
0.695	0.876	0.009	68.946	6.293	55.545	4.693	0.000	0.000
0.697	0.876	0.009	68.862	6.237	55.489	4.647	0.000	0.000
0.698	0.876	0.008	68.774	6.184	55.428	4.603	0.000	0.000
0.700	0.876	0.008	68.681	6.132	55.370	4.558	0.000	0.000
0.701	0.876	0.008	68.585	6.078	55.314	4.514	0.000	0.000
0.703	0.876	0.008	68.492	6.022	55.256	4.471	0.000	0.000
0.705	0.876	0.008	68.390	5.964	55.192	4.428	0.000	0.000
0.706	0.876	0.009	68.280	5.904	55.124	4.386	0.000	0.000
0.708	0.876	0.009	68.162	5.832	55.054	4.342	0.000	0.000
0.709	0.876	0.009	68.045	5.760	54.982	4.301	0.000	0.000
0.711	0.876	0.009	67.931	5.687	54.911	4.258	0.000	0.000
0.713	0.876	0.009	67.818	5.613	54.845	4.213	0.000	0.000
0.714	0.876	0.009	67.700	5.537	54.781	4.166	0.000	0.000
0.716	0.876	0.009	67.575	5.464	54.718	4.119	0.000	0.000
0.717	0.876	0.009	67.450	5.391	54.657	4.073	0.000	0.000
0.719	0.876	0.009	67.329	5.315	54.602	4.021	0.000	0.000
0.721	0.876	0.009	67.206	5.220	54.556	3.988	0.000	0.000
0.722	0.876	0.009	67.086	5.122	54.507	3.959	0.000	0.000
0.724	0.876	0.009	66.973	5.026	54.448	3.936	0.000	0.000
0.725	0.876	0.009	66.858	4.929	54.386	3.913	0.000	0.000
0.727	0.876	0.009	66.746	4.831	54.323	3.891	0.000	0.000
0.729	0.876	0.009	66.635	4.731	54.258	3.873	0.000	0.000
0.730	0.876	0.009	66.524	4.632	54.191	3.855	0.000	0.000
0.732	0.876	0.009	66.408	4.536	54.118	3.842	0.000	0.000
0.733	0.876	0.009	66.289	4.428	54.038	3.817	0.000	0.000
0.735	0.876	0.009	66.165	4.311	53.955	3.783	0.000	0.000
0.737	0.876	0.009	66.042	4.192	53.877	3.744	0.000	0.000
0.738	0.876	0.009	65.920	4.071	53.800	3.703	0.000	0.000
0.740	0.876	0.009	65.797	3.951	53.723	3.663	0.000	0.000
0.741	0.876	0.009	65.672	3.833	53.641	3.625	0.000	0.000
0.743	0.876	0.009	65.560	3.717	53.562	3.584	0.000	0.000
0.745	0.876	0.009	65.451	3.600	53.483	3.544	0.000	0.000
0.746	0.876	0.009	65.350	3.482	53.400	3.497	0.000	0.000
0.748	0.876	0.009	65.253	3.379	53.312	3.437	0.000	0.000
0.749	0.876	0.009	65.156	3.278	53.225	3.377	0.000	0.000
0.751	0.876	0.009	65.062	3.178	53.145	3.315	0.000	0.000
0.753	0.876	0.009	64.970	3.079	53.069	3.250	0.000	0.000
0.754	0.876	0.009	64.878	2.981	52.994	3.186	0.000	0.000
0.756	0.876	0.009	64.787	2.884	52.919	3.121	0.000	0.000
0.757	0.876	0.009	64.694	2.788	52.842	3.057	0.000	0.000
0.759	0.876	0.009	64.601	2.694	52.766	2.993	0.000	0.000
0.761	0.876	0.009	64.519	2.627	52.694	2.936	0.000	0.000
0.762	0.876	0.009	64.436	2.557	52.627	2.882	0.000	0.000
0.764	0.876	0.009	64.354	2.489	52.562	2.829	0.000	0.000
0.765	0.876	0.009	64.271	2.421	52.496	2.777	0.000	0.000
0.767	0.876	0.009	64.189	2.355	52.431	2.727	0.000	0.000
0.769	0.876	0.009	64.109	2.292	52.368	2.679	0.000	0.000
0.770	0.876	0.008	64.035	2.229	52.308	2.629	0.000	0.000
0.772	0.876	0.008	63.962	2.162	52.254	2.577	0.000	0.000
0.773	0.876	0.008	63.897	2.123	52.206	2.545	0.000	0.000
0.775	0.876	0.008	63.837	2.099	52.161	2.522	0.000	0.000
0.777	0.876	0.008	63.778	2.076	52.116	2.501	0.000	0.000
0.778	0.876	0.008	63.720	2.053	52.069	2.479	0.000	0.000
0.780	0.876	0.008	63.665	2.031	52.021	2.458	0.000	0.000
0.781	0.876	0.008	63.619	2.012	51.976	2.431	0.000	0.000
0.783	0.876	0.008	63.574	1.993	51.931	2.405	0.000	0.000
0.785	0.876	0.008	63.529	1.976	51.887	2.379	0.000	0.000
0.786	0.876	0.008	63.490	1.973	51.844	2.358	0.000	0.000
0.788	0.876	0.008	63.466	2.003	51.804	2.345	0.000	0.000
0.789	0.876	0.008	63.446	2.032	51.771	2.333	0.000	0.000
0.791	0.876	0.008	63.432	2.046	51.737	2.313	0.000	0.000
0.793	0.876	0.008	63.419	2.060	51.702	2.293	0.000	0.000
0.794	0.876	0.008	63.405	2.075	51.668	2.273	0.000	0.000
0.796	0.876	0.008	63.392	2.091	51.634	2.254	0.000	0.000
0.797	0.876	0.008	63.378	2.106	51.599	2.235	0.000	0.000
0.799	0.876	0.008	63.365	2.123	51.565	2.215	0.000	0.000


General Analysis Info:
----------------------
File Data Taken From = E:\files for GIMIAS\V100 post PCI for GIMIAS.txt
Time Window Taken From Raw Data: Start = 70.840 End =79.510
No Of Cycles Averaged = 10


Time Info
---------
Time Column In File = 0
Averaged Cycle Time = 0.799+/-0.079


Cycles Info:
----------------
Cycle Num	Deleted	Start t	End t
0	Yes	0.000	0.680
1	No	0.680	1.510
2	No	1.510	2.330
3	No	2.330	3.130
4	No	3.130	3.960
5	No	3.960	4.810
6	No	4.810	5.620
7	No	5.620	6.450
8	No	6.450	7.330
9	No	7.330	8.070
10	No	8.070	8.670
11	Yes	8.670	8.670


Trace 3 Average Information
---------------------------
Mean Value = 0.877+/-0.008
Min Value = 0.876+/-0.009
Max Value = 0.879+/-0.006
Value Orig = Value Orig +0.000+/-0.000 + 0.000+/-0.000


Trace 1 Average Information
---------------------------
Mean Value = 80.568+/-14.176
Min Value = 63.183+/-1.768
Max Value = 98.982+/-3.633
Value Orig = Value Orig +0.188+/-0.222 + 0.075+/-0.001


Trace 2 Average Information
---------------------------
Mean Value = 70.541+/-18.344
Min Value = 51.275+/-1.616
Max Value = 103.778+/-11.712
Value Orig = Value Orig +0.363+/-0.426 + 0.145+/-0.001


Trace 4 Average Information
---------------------------
Mean Value = 0.000+/-0.000
Min Value = 0.000+/-0.000
Max Value = 0.000+/-0.000
Value Orig = Value Orig +0.000+/-0.000 + 0.000+/--1.#IO


