0.000 0.876
0.002 0.876
0.003 0.876
0.005 0.876
0.006 0.876
0.008 0.876
0.010 0.876
0.011 0.876
0.013 0.876
0.014 0.876
0.016 0.876
0.018 0.876
0.019 0.876
0.021 0.876
0.022 0.876
0.024 0.876
0.026 0.876
0.027 0.876
0.029 0.876
0.030 0.876
0.032 0.876
0.034 0.876
0.035 0.876
0.037 0.876
0.038 0.876
0.040 0.876
0.042 0.876
0.043 0.876
0.045 0.876
0.046 0.876
0.048 0.876
0.050 0.876
0.051 0.876
0.053 0.876
0.054 0.876
0.056 0.876
0.058 0.876
0.059 0.876
0.061 0.876
0.062 0.876
0.064 0.876
0.066 0.876
0.067 0.876
0.069 0.876
0.070 0.876
0.072 0.876
0.074 0.876
0.075 0.877
0.077 0.877
0.078 0.877
0.080 0.877
0.082 0.876
0.083 0.876
0.085 0.876
0.086 0.876
0.088 0.876
0.090 0.876
0.091 0.877
0.093 0.877
0.094 0.877
0.096 0.877
0.098 0.877
0.099 0.877
0.101 0.877
0.102 0.876
0.104 0.876
0.106 0.876
0.107 0.876
0.109 0.876
0.110 0.876
0.112 0.876
0.114 0.876
0.115 0.876
0.117 0.876
0.118 0.876
0.120 0.876
0.122 0.876
0.123 0.876
0.125 0.876
0.126 0.876
0.128 0.876
0.130 0.876
0.131 0.876
0.133 0.876
0.135 0.876
0.136 0.876
0.138 0.876
0.139 0.876
0.141 0.876
0.143 0.876
0.144 0.876
0.146 0.876
0.147 0.876
0.149 0.876
0.151 0.876
0.152 0.876
0.154 0.876
0.155 0.876
0.157 0.876
0.159 0.876
0.160 0.876
0.162 0.876
0.163 0.876
0.165 0.876
0.167 0.876
0.168 0.876
0.170 0.877
0.171 0.877
0.173 0.877
0.175 0.877
0.176 0.877
0.178 0.877
0.179 0.877
0.181 0.876
0.183 0.876
0.184 0.877
0.186 0.877
0.187 0.877
0.189 0.877
0.191 0.877
0.192 0.877
0.194 0.876
0.195 0.876
0.197 0.876
0.199 0.876
0.200 0.876
0.202 0.876
0.203 0.876
0.205 0.876
0.207 0.876
0.208 0.877
0.210 0.877
0.211 0.877
0.213 0.876
0.215 0.876
0.216 0.876
0.218 0.876
0.219 0.876
0.221 0.876
0.223 0.876
0.224 0.876
0.226 0.876
0.227 0.876
0.229 0.876
0.231 0.876
0.232 0.876
0.234 0.876
0.235 0.876
0.237 0.876
0.239 0.876
0.240 0.876
0.242 0.876
0.243 0.876
0.245 0.876
0.247 0.876
0.248 0.876
0.250 0.876
0.251 0.876
0.253 0.876
0.255 0.876
0.256 0.876
0.258 0.876
0.259 0.876
0.261 0.876
0.263 0.876
0.264 0.876
0.266 0.876
0.267 0.876
0.269 0.876
0.271 0.876
0.272 0.876
0.274 0.876
0.275 0.876
0.277 0.876
0.279 0.876
0.280 0.876
0.282 0.876
0.283 0.876
0.285 0.877
0.287 0.877
0.288 0.877
0.290 0.877
0.291 0.877
0.293 0.877
0.295 0.877
0.296 0.877
0.298 0.877
0.299 0.877
0.301 0.877
0.303 0.877
0.304 0.877
0.306 0.877
0.307 0.878
0.309 0.878
0.311 0.878
0.312 0.878
0.314 0.878
0.315 0.878
0.317 0.878
0.319 0.878
0.320 0.878
0.322 0.878
0.323 0.878
0.325 0.878
0.327 0.878
0.328 0.878
0.330 0.878
0.331 0.878
0.333 0.878
0.335 0.878
0.336 0.878
0.338 0.878
0.339 0.878
0.341 0.878
0.343 0.879
0.344 0.879
0.346 0.879
0.347 0.879
0.349 0.879
0.351 0.879
0.352 0.879
0.354 0.879
0.355 0.879
0.357 0.879
0.359 0.879
0.360 0.879
0.362 0.879
0.363 0.879
0.365 0.879
0.367 0.879
0.368 0.879
0.370 0.879
0.371 0.879
0.373 0.879
0.375 0.879
0.376 0.879
0.378 0.879
0.379 0.879
0.381 0.879
0.383 0.879
0.384 0.879
0.386 0.879
0.387 0.879
0.389 0.879
0.391 0.879
0.392 0.879
0.394 0.879
0.395 0.879
0.397 0.879
0.399 0.878
0.400 0.878
0.402 0.878
0.404 0.878
0.405 0.878
0.407 0.878
0.408 0.878
0.410 0.878
0.412 0.878
0.413 0.878
0.415 0.878
0.416 0.878
0.418 0.878
0.420 0.878
0.421 0.878
0.423 0.878
0.424 0.878
0.426 0.877
0.428 0.877
0.429 0.877
0.431 0.877
0.432 0.877
0.434 0.877
0.436 0.877
0.437 0.877
0.439 0.877
0.440 0.877
0.442 0.877
0.444 0.877
0.445 0.877
0.447 0.877
0.448 0.877
0.450 0.877
0.452 0.877
0.453 0.877
0.455 0.877
0.456 0.877
0.458 0.877
0.460 0.877
0.461 0.877
0.463 0.877
0.464 0.877
0.466 0.877
0.468 0.876
0.469 0.876
0.471 0.877
0.472 0.877
0.474 0.877
0.476 0.877
0.477 0.877
0.479 0.877
0.480 0.877
0.482 0.876
0.484 0.876
0.485 0.876
0.487 0.876
0.488 0.876
0.490 0.876
0.492 0.876
0.493 0.876
0.495 0.876
0.496 0.876
0.498 0.876
0.500 0.876
0.501 0.876
0.503 0.876
0.504 0.876
0.506 0.876
0.508 0.876
0.509 0.876
0.511 0.876
0.512 0.876
0.514 0.876
0.516 0.876
0.517 0.876
0.519 0.876
0.520 0.876
0.522 0.876
0.524 0.876
0.525 0.876
0.527 0.876
0.528 0.876
0.530 0.876
0.532 0.876
0.533 0.876
0.535 0.876
0.536 0.876
0.538 0.876
0.540 0.876
0.541 0.876
0.543 0.876
0.544 0.876
0.546 0.876
0.548 0.876
0.549 0.876
0.551 0.876
0.552 0.876
0.554 0.876
0.556 0.876
0.557 0.876
0.559 0.876
0.560 0.876
0.562 0.876
0.564 0.876
0.565 0.876
0.567 0.876
0.568 0.876
0.570 0.876
0.572 0.876
0.573 0.876
0.575 0.876
0.576 0.876
0.578 0.876
0.580 0.876
0.581 0.876
0.583 0.876
0.584 0.876
0.586 0.876
0.588 0.876
0.589 0.876
0.591 0.876
0.592 0.876
0.594 0.876
0.596 0.876
0.597 0.876
0.599 0.876
0.600 0.876
0.602 0.876
0.604 0.876
0.605 0.876
0.607 0.876
0.608 0.876
0.610 0.876
0.612 0.876
0.613 0.876
0.615 0.876
0.616 0.876
0.618 0.876
0.620 0.876
0.621 0.876
0.623 0.876
0.624 0.876
0.626 0.876
0.628 0.876
0.629 0.876
0.631 0.876
0.632 0.876
0.634 0.876
0.636 0.876
0.637 0.876
0.639 0.876
0.640 0.876
0.642 0.877
0.644 0.877
0.645 0.877
0.647 0.877
0.648 0.877
0.650 0.877
0.652 0.877
0.653 0.877
0.655 0.876
0.656 0.876
0.658 0.876
0.660 0.876
0.661 0.876
0.663 0.876
0.664 0.876
0.666 0.876
0.668 0.876
0.669 0.876
0.671 0.876
0.673 0.876
0.674 0.876
0.676 0.876
0.677 0.876
0.679 0.876
0.681 0.876
0.682 0.876
0.684 0.876
0.685 0.876
0.687 0.876
0.689 0.876
0.690 0.876
0.692 0.877
0.693 0.877
0.695 0.876
0.697 0.876
0.698 0.876
0.700 0.876
0.701 0.876
0.703 0.876
0.705 0.876
0.706 0.876
0.708 0.876
0.709 0.876
0.711 0.876
0.713 0.876
0.714 0.876
0.716 0.876
0.717 0.876
0.719 0.876
0.721 0.876
0.722 0.876
0.724 0.876
0.725 0.876
0.727 0.876
0.729 0.876
0.730 0.876
0.732 0.876
0.733 0.876
0.735 0.876
0.737 0.876
0.738 0.876
0.740 0.876
0.741 0.876
0.743 0.876
0.745 0.876
0.746 0.876
0.748 0.876
0.749 0.876
0.751 0.876
0.753 0.876
0.754 0.876
0.756 0.876
0.757 0.876
0.759 0.876
0.761 0.876
0.762 0.876
0.764 0.876
0.765 0.876
0.767 0.876
0.769 0.876
0.770 0.876
0.772 0.876
0.773 0.876
0.775 0.876
0.777 0.876
0.778 0.876
0.780 0.876
0.781 0.876
0.783 0.876
0.785 0.876
0.786 0.876
0.788 0.876
0.789 0.876
0.791 0.876
0.793 0.876
0.794 0.876
0.796 0.876
0.797 0.876
0.799 0.876
