0.000 0.000
0.002 0.000
0.003 0.000
0.005 0.000
0.006 0.000
0.008 0.000
0.010 0.000
0.011 0.000
0.013 0.000
0.014 0.000
0.016 0.000
0.018 0.000
0.019 0.000
0.021 0.000
0.022 0.000
0.024 0.000
0.026 0.000
0.027 0.000
0.029 0.000
0.030 0.000
0.032 0.000
0.034 0.000
0.035 0.000
0.037 0.000
0.038 0.000
0.040 0.000
0.042 0.000
0.043 0.000
0.045 0.000
0.046 0.000
0.048 0.000
0.050 0.000
0.051 0.000
0.053 0.000
0.054 0.000
0.056 0.000
0.058 0.000
0.059 0.000
0.061 0.000
0.062 0.000
0.064 0.000
0.066 0.000
0.067 0.000
0.069 0.000
0.070 0.000
0.072 0.000
0.074 0.000
0.075 0.000
0.077 0.000
0.078 0.000
0.080 0.000
0.082 0.000
0.083 0.000
0.085 0.000
0.086 0.000
0.088 0.000
0.090 0.000
0.091 0.000
0.093 0.000
0.094 0.000
0.096 0.000
0.098 0.000
0.099 0.000
0.101 0.000
0.102 0.000
0.104 0.000
0.106 0.000
0.107 0.000
0.109 0.000
0.110 0.000
0.112 0.000
0.114 0.000
0.115 0.000
0.117 0.000
0.118 0.000
0.120 0.000
0.122 0.000
0.123 0.000
0.125 0.000
0.126 0.000
0.128 0.000
0.130 0.000
0.131 0.000
0.133 0.000
0.135 0.000
0.136 0.000
0.138 0.000
0.139 0.000
0.141 0.000
0.143 0.000
0.144 0.000
0.146 0.000
0.147 0.000
0.149 0.000
0.151 0.000
0.152 0.000
0.154 0.000
0.155 0.000
0.157 0.000
0.159 0.000
0.160 0.000
0.162 0.000
0.163 0.000
0.165 0.000
0.167 0.000
0.168 0.000
0.170 0.000
0.171 0.000
0.173 0.000
0.175 0.000
0.176 0.000
0.178 0.000
0.179 0.000
0.181 0.000
0.183 0.000
0.184 0.000
0.186 0.000
0.187 0.000
0.189 0.000
0.191 0.000
0.192 0.000
0.194 0.000
0.195 0.000
0.197 0.000
0.199 0.000
0.200 0.000
0.202 0.000
0.203 0.000
0.205 0.000
0.207 0.000
0.208 0.000
0.210 0.000
0.211 0.000
0.213 0.000
0.215 0.000
0.216 0.000
0.218 0.000
0.219 0.000
0.221 0.000
0.223 0.000
0.224 0.000
0.226 0.000
0.227 0.000
0.229 0.000
0.231 0.000
0.232 0.000
0.234 0.000
0.235 0.000
0.237 0.000
0.239 0.000
0.240 0.000
0.242 0.000
0.243 0.000
0.245 0.000
0.247 0.000
0.248 0.000
0.250 0.000
0.251 0.000
0.253 0.000
0.255 0.000
0.256 0.000
0.258 0.000
0.259 0.000
0.261 0.000
0.263 0.000
0.264 0.000
0.266 0.000
0.267 0.000
0.269 0.000
0.271 0.000
0.272 0.000
0.274 0.000
0.275 0.000
0.277 0.000
0.279 0.000
0.280 0.000
0.282 0.000
0.283 0.000
0.285 0.000
0.287 0.000
0.288 0.000
0.290 0.000
0.291 0.000
0.293 0.000
0.295 0.000
0.296 0.000
0.298 0.000
0.299 0.000
0.301 0.000
0.303 0.000
0.304 0.000
0.306 0.000
0.307 0.000
0.309 0.000
0.311 0.000
0.312 0.000
0.314 0.000
0.315 0.000
0.317 0.000
0.319 0.000
0.320 0.000
0.322 0.000
0.323 0.000
0.325 0.000
0.327 0.000
0.328 0.000
0.330 0.000
0.331 0.000
0.333 0.000
0.335 0.000
0.336 0.000
0.338 0.000
0.339 0.000
0.341 0.000
0.343 0.000
0.344 0.000
0.346 0.000
0.347 0.000
0.349 0.000
0.351 0.000
0.352 0.000
0.354 0.000
0.355 0.000
0.357 0.000
0.359 0.000
0.360 0.000
0.362 0.000
0.363 0.000
0.365 0.000
0.367 0.000
0.368 0.000
0.370 0.000
0.371 0.000
0.373 0.000
0.375 0.000
0.376 0.000
0.378 0.000
0.379 0.000
0.381 0.000
0.383 0.000
0.384 0.000
0.386 0.000
0.387 0.000
0.389 0.000
0.391 0.000
0.392 0.000
0.394 0.000
0.395 0.000
0.397 0.000
0.399 0.000
0.400 0.000
0.402 0.000
0.404 0.000
0.405 0.000
0.407 0.000
0.408 0.000
0.410 0.000
0.412 0.000
0.413 0.000
0.415 0.000
0.416 0.000
0.418 0.000
0.420 0.000
0.421 0.000
0.423 0.000
0.424 0.000
0.426 0.000
0.428 0.000
0.429 0.000
0.431 0.000
0.432 0.000
0.434 0.000
0.436 0.000
0.437 0.000
0.439 0.000
0.440 0.000
0.442 0.000
0.444 0.000
0.445 0.000
0.447 0.000
0.448 0.000
0.450 0.000
0.452 0.000
0.453 0.000
0.455 0.000
0.456 0.000
0.458 0.000
0.460 0.000
0.461 0.000
0.463 0.000
0.464 0.000
0.466 0.000
0.468 0.000
0.469 0.000
0.471 0.000
0.472 0.000
0.474 0.000
0.476 0.000
0.477 0.000
0.479 0.000
0.480 0.000
0.482 0.000
0.484 0.000
0.485 0.000
0.487 0.000
0.488 0.000
0.490 0.000
0.492 0.000
0.493 0.000
0.495 0.000
0.496 0.000
0.498 0.000
0.500 0.000
0.501 0.000
0.503 0.000
0.504 0.000
0.506 0.000
0.508 0.000
0.509 0.000
0.511 0.000
0.512 0.000
0.514 0.000
0.516 0.000
0.517 0.000
0.519 0.000
0.520 0.000
0.522 0.000
0.524 0.000
0.525 0.000
0.527 0.000
0.528 0.000
0.530 0.000
0.532 0.000
0.533 0.000
0.535 0.000
0.536 0.000
0.538 0.000
0.540 0.000
0.541 0.000
0.543 0.000
0.544 0.000
0.546 0.000
0.548 0.000
0.549 0.000
0.551 0.000
0.552 0.000
0.554 0.000
0.556 0.000
0.557 0.000
0.559 0.000
0.560 0.000
0.562 0.000
0.564 0.000
0.565 0.000
0.567 0.000
0.568 0.000
0.570 0.000
0.572 0.000
0.573 0.000
0.575 0.000
0.576 0.000
0.578 0.000
0.580 0.000
0.581 0.000
0.583 0.000
0.584 0.000
0.586 0.000
0.588 0.000
0.589 0.000
0.591 0.000
0.592 0.000
0.594 0.000
0.596 0.000
0.597 0.000
0.599 0.000
0.600 0.000
0.602 0.000
0.604 0.000
0.605 0.000
0.607 0.000
0.608 0.000
0.610 0.000
0.612 0.000
0.613 0.000
0.615 0.000
0.616 0.000
0.618 0.000
0.620 0.000
0.621 0.000
0.623 0.000
0.624 0.000
0.626 0.000
0.628 0.000
0.629 0.000
0.631 0.000
0.632 0.000
0.634 0.000
0.636 0.000
0.637 0.000
0.639 0.000
0.640 0.000
0.642 0.000
0.644 0.000
0.645 0.000
0.647 0.000
0.648 0.000
0.650 0.000
0.652 0.000
0.653 0.000
0.655 0.000
0.656 0.000
0.658 0.000
0.660 0.000
0.661 0.000
0.663 0.000
0.664 0.000
0.666 0.000
0.668 0.000
0.669 0.000
0.671 0.000
0.673 0.000
0.674 0.000
0.676 0.000
0.677 0.000
0.679 0.000
0.681 0.000
0.682 0.000
0.684 0.000
0.685 0.000
0.687 0.000
0.689 0.000
0.690 0.000
0.692 0.000
0.693 0.000
0.695 0.000
0.697 0.000
0.698 0.000
0.700 0.000
0.701 0.000
0.703 0.000
0.705 0.000
0.706 0.000
0.708 0.000
0.709 0.000
0.711 0.000
0.713 0.000
0.714 0.000
0.716 0.000
0.717 0.000
0.719 0.000
0.721 0.000
0.722 0.000
0.724 0.000
0.725 0.000
0.727 0.000
0.729 0.000
0.730 0.000
0.732 0.000
0.733 0.000
0.735 0.000
0.737 0.000
0.738 0.000
0.740 0.000
0.741 0.000
0.743 0.000
0.745 0.000
0.746 0.000
0.748 0.000
0.749 0.000
0.751 0.000
0.753 0.000
0.754 0.000
0.756 0.000
0.757 0.000
0.759 0.000
0.761 0.000
0.762 0.000
0.764 0.000
0.765 0.000
0.767 0.000
0.769 0.000
0.770 0.000
0.772 0.000
0.773 0.000
0.775 0.000
0.777 0.000
0.778 0.000
0.780 0.000
0.781 0.000
0.783 0.000
0.785 0.000
0.786 0.000
0.788 0.000
0.789 0.000
0.791 0.000
0.793 0.000
0.794 0.000
0.796 0.000
0.797 0.000
0.799 0.000
