0.000 51.275
0.002 51.311
0.003 51.347
0.005 51.384
0.006 51.420
0.008 51.456
0.010 51.495
0.011 51.622
0.013 51.760
0.014 51.895
0.016 52.028
0.018 52.161
0.019 52.301
0.021 52.552
0.022 52.837
0.024 53.130
0.026 53.423
0.027 53.716
0.029 54.019
0.030 54.412
0.032 54.828
0.034 55.262
0.035 55.702
0.037 56.141
0.038 56.582
0.040 57.083
0.042 57.577
0.043 58.072
0.045 58.578
0.046 59.079
0.048 59.575
0.050 60.100
0.051 60.650
0.053 61.205
0.054 61.764
0.056 62.331
0.058 62.899
0.059 63.482
0.061 64.040
0.062 64.583
0.064 65.129
0.066 65.683
0.067 66.230
0.069 66.790
0.070 67.350
0.072 67.929
0.074 68.522
0.075 69.121
0.077 69.686
0.078 70.243
0.080 70.761
0.082 71.232
0.083 71.734
0.085 72.232
0.086 72.709
0.088 73.151
0.090 73.560
0.091 73.946
0.093 74.337
0.094 74.726
0.096 75.113
0.098 75.454
0.099 75.770
0.101 76.091
0.102 76.415
0.104 76.740
0.106 77.067
0.107 77.368
0.109 77.666
0.110 77.957
0.112 78.249
0.114 78.539
0.115 78.829
0.117 79.096
0.118 79.362
0.120 79.617
0.122 79.880
0.123 80.137
0.125 80.391
0.126 80.628
0.128 80.857
0.130 81.075
0.131 81.287
0.133 81.497
0.135 81.723
0.136 81.934
0.138 82.121
0.139 82.308
0.141 82.493
0.143 82.672
0.144 82.850
0.146 83.016
0.147 83.167
0.149 83.321
0.151 83.472
0.152 83.606
0.154 83.731
0.155 83.839
0.157 83.941
0.159 84.043
0.160 84.146
0.162 84.261
0.163 84.371
0.165 84.490
0.167 84.611
0.168 84.733
0.170 84.859
0.171 84.989
0.173 85.115
0.175 85.215
0.176 85.310
0.178 85.403
0.179 85.494
0.181 85.583
0.183 85.666
0.184 85.747
0.186 85.832
0.187 85.920
0.189 86.002
0.191 86.077
0.192 86.143
0.194 86.209
0.195 86.276
0.197 86.347
0.199 86.414
0.200 86.479
0.202 86.547
0.203 86.628
0.205 86.717
0.207 86.820
0.208 86.929
0.210 87.040
0.211 87.158
0.213 87.286
0.215 87.405
0.216 87.535
0.218 87.662
0.219 87.785
0.221 87.918
0.223 88.080
0.224 88.251
0.226 88.419
0.227 88.592
0.229 88.772
0.231 88.969
0.232 89.183
0.234 89.399
0.235 89.598
0.237 89.803
0.239 90.017
0.240 90.234
0.242 90.463
0.243 90.695
0.245 90.940
0.247 91.199
0.248 91.457
0.250 91.714
0.251 91.972
0.253 92.237
0.255 92.493
0.256 92.771
0.258 93.044
0.259 93.316
0.261 93.604
0.263 93.898
0.264 94.215
0.266 94.548
0.267 94.879
0.269 95.209
0.271 95.545
0.272 95.881
0.274 96.229
0.275 96.582
0.277 96.935
0.279 97.286
0.280 97.625
0.282 97.939
0.283 98.226
0.285 98.513
0.287 98.799
0.288 99.085
0.290 99.372
0.291 99.658
0.293 99.931
0.295 100.203
0.296 100.475
0.298 100.748
0.299 101.010
0.301 101.276
0.303 101.531
0.304 101.800
0.306 102.069
0.307 102.342
0.309 102.598
0.311 102.829
0.312 103.019
0.314 103.189
0.315 103.358
0.317 103.515
0.319 103.640
0.320 103.719
0.322 103.754
0.323 103.768
0.325 103.778
0.327 103.765
0.328 103.682
0.330 103.582
0.331 103.463
0.333 103.296
0.335 103.130
0.336 102.933
0.338 102.669
0.339 102.366
0.341 102.048
0.343 101.781
0.344 101.514
0.346 101.239
0.347 100.958
0.349 100.522
0.351 100.058
0.352 99.511
0.354 98.957
0.355 98.405
0.357 97.727
0.359 97.011
0.360 96.202
0.362 95.186
0.363 94.150
0.365 93.098
0.367 92.052
0.368 91.096
0.370 90.135
0.371 89.174
0.373 88.201
0.375 87.215
0.376 86.307
0.378 85.465
0.379 84.597
0.381 84.046
0.383 83.528
0.384 83.004
0.386 82.433
0.387 81.822
0.389 81.205
0.391 80.593
0.392 79.945
0.394 79.297
0.395 78.655
0.397 78.015
0.399 77.375
0.400 76.709
0.402 76.018
0.404 75.326
0.405 74.679
0.407 74.077
0.408 73.475
0.410 72.858
0.412 72.245
0.413 71.638
0.415 71.117
0.416 70.677
0.418 70.257
0.420 69.937
0.421 69.595
0.423 69.283
0.424 68.986
0.426 68.708
0.428 68.475
0.429 68.293
0.431 68.122
0.432 67.954
0.434 67.800
0.436 67.647
0.437 67.483
0.439 67.318
0.440 67.162
0.442 67.011
0.444 66.858
0.445 66.695
0.447 66.525
0.448 66.355
0.450 66.188
0.452 66.027
0.453 65.873
0.455 65.718
0.456 65.558
0.458 65.398
0.460 65.244
0.461 65.090
0.463 64.938
0.464 64.785
0.466 64.627
0.468 64.467
0.469 64.296
0.471 64.120
0.472 63.951
0.474 63.795
0.476 63.635
0.477 63.475
0.479 63.312
0.480 63.152
0.482 62.998
0.484 62.850
0.485 62.706
0.487 62.563
0.488 62.424
0.490 62.283
0.492 62.145
0.493 62.012
0.495 61.886
0.496 61.760
0.498 61.642
0.500 61.534
0.501 61.442
0.503 61.351
0.504 61.264
0.506 61.179
0.508 61.092
0.509 61.009
0.511 60.937
0.512 60.861
0.514 60.786
0.516 60.713
0.517 60.641
0.519 60.567
0.520 60.493
0.522 60.424
0.524 60.355
0.525 60.286
0.527 60.222
0.528 60.178
0.530 60.136
0.532 60.099
0.533 60.058
0.535 60.007
0.536 59.955
0.538 59.903
0.540 59.856
0.541 59.826
0.543 59.798
0.544 59.771
0.546 59.741
0.548 59.694
0.549 59.648
0.551 59.608
0.552 59.571
0.554 59.540
0.556 59.510
0.557 59.485
0.559 59.464
0.560 59.434
0.562 59.395
0.564 59.350
0.565 59.299
0.567 59.240
0.568 59.178
0.570 59.115
0.572 59.058
0.573 58.998
0.575 58.933
0.576 58.857
0.578 58.775
0.580 58.677
0.581 58.582
0.583 58.482
0.584 58.387
0.586 58.295
0.588 58.211
0.589 58.125
0.591 58.033
0.592 57.935
0.594 57.843
0.596 57.762
0.597 57.683
0.599 57.607
0.600 57.550
0.602 57.498
0.604 57.441
0.605 57.377
0.607 57.305
0.608 57.227
0.610 57.148
0.612 57.068
0.613 57.000
0.615 56.941
0.616 56.888
0.618 56.843
0.620 56.800
0.621 56.756
0.623 56.707
0.624 56.662
0.626 56.618
0.628 56.585
0.629 56.555
0.631 56.526
0.632 56.497
0.634 56.469
0.636 56.446
0.637 56.431
0.639 56.409
0.640 56.381
0.642 56.351
0.644 56.321
0.645 56.290
0.647 56.259
0.648 56.224
0.650 56.194
0.652 56.168
0.653 56.143
0.655 56.116
0.656 56.082
0.658 56.049
0.660 56.030
0.661 56.015
0.663 55.998
0.664 55.971
0.666 55.945
0.668 55.914
0.669 55.886
0.671 55.864
0.673 55.840
0.674 55.816
0.676 55.801
0.677 55.788
0.679 55.782
0.681 55.768
0.682 55.748
0.684 55.729
0.685 55.715
0.687 55.700
0.689 55.683
0.690 55.660
0.692 55.630
0.693 55.594
0.695 55.545
0.697 55.489
0.698 55.428
0.700 55.370
0.701 55.314
0.703 55.256
0.705 55.192
0.706 55.124
0.708 55.054
0.709 54.982
0.711 54.911
0.713 54.845
0.714 54.781
0.716 54.718
0.717 54.657
0.719 54.602
0.721 54.556
0.722 54.507
0.724 54.448
0.725 54.386
0.727 54.323
0.729 54.258
0.730 54.191
0.732 54.118
0.733 54.038
0.735 53.955
0.737 53.877
0.738 53.800
0.740 53.723
0.741 53.641
0.743 53.562
0.745 53.483
0.746 53.400
0.748 53.312
0.749 53.225
0.751 53.145
0.753 53.069
0.754 52.994
0.756 52.919
0.757 52.842
0.759 52.766
0.761 52.694
0.762 52.627
0.764 52.562
0.765 52.496
0.767 52.431
0.769 52.368
0.770 52.308
0.772 52.254
0.773 52.206
0.775 52.161
0.777 52.116
0.778 52.069
0.780 52.021
0.781 51.976
0.783 51.931
0.785 51.887
0.786 51.844
0.788 51.804
0.789 51.771
0.791 51.737
0.793 51.702
0.794 51.668
0.796 51.634
0.797 51.599
0.799 51.565
