0.000 63.215
0.002 63.209
0.003 63.204
0.005 63.198
0.006 63.193
0.008 63.187
0.010 63.183
0.011 63.192
0.013 63.201
0.014 63.212
0.016 63.223
0.018 63.233
0.019 63.245
0.021 63.292
0.022 63.351
0.024 63.412
0.026 63.473
0.027 63.535
0.029 63.603
0.030 63.708
0.032 63.836
0.034 63.970
0.035 64.107
0.037 64.244
0.038 64.403
0.040 64.648
0.042 64.946
0.043 65.243
0.045 65.551
0.046 65.862
0.048 66.196
0.050 66.602
0.051 67.056
0.053 67.513
0.054 67.973
0.056 68.437
0.058 68.917
0.059 69.467
0.061 70.091
0.062 70.729
0.064 71.366
0.066 72.006
0.067 72.692
0.069 73.456
0.070 74.308
0.072 75.197
0.074 76.091
0.075 76.986
0.077 77.877
0.078 78.853
0.080 79.794
0.082 80.686
0.083 81.582
0.085 82.462
0.086 83.258
0.088 84.066
0.090 84.750
0.091 85.322
0.093 85.896
0.094 86.461
0.096 87.005
0.098 87.519
0.099 87.977
0.101 88.403
0.102 88.821
0.104 89.233
0.106 89.634
0.107 89.999
0.109 90.325
0.110 90.649
0.112 90.966
0.114 91.283
0.115 91.600
0.117 91.849
0.118 92.088
0.120 92.313
0.122 92.523
0.123 92.736
0.125 92.950
0.126 93.071
0.128 93.208
0.130 93.358
0.131 93.500
0.133 93.654
0.135 93.815
0.136 93.937
0.138 94.023
0.139 94.113
0.141 94.216
0.143 94.317
0.144 94.418
0.146 94.485
0.147 94.493
0.149 94.505
0.151 94.518
0.152 94.521
0.154 94.516
0.155 94.476
0.157 94.422
0.159 94.377
0.160 94.342
0.162 94.317
0.163 94.287
0.165 94.267
0.167 94.259
0.168 94.257
0.170 94.263
0.171 94.297
0.173 94.326
0.175 94.366
0.176 94.403
0.178 94.434
0.179 94.456
0.181 94.466
0.183 94.468
0.184 94.486
0.186 94.520
0.187 94.578
0.189 94.648
0.191 94.710
0.192 94.786
0.194 94.883
0.195 94.993
0.197 95.109
0.199 95.233
0.200 95.365
0.202 95.513
0.203 95.661
0.205 95.806
0.207 95.940
0.208 96.071
0.210 96.205
0.211 96.349
0.213 96.468
0.215 96.561
0.216 96.656
0.218 96.754
0.219 96.865
0.221 96.976
0.223 97.086
0.224 97.195
0.226 97.307
0.227 97.382
0.229 97.437
0.231 97.493
0.232 97.560
0.234 97.631
0.235 97.701
0.237 97.779
0.239 97.861
0.240 97.936
0.242 98.008
0.243 98.086
0.245 98.166
0.247 98.235
0.248 98.307
0.250 98.381
0.251 98.423
0.253 98.454
0.255 98.466
0.256 98.472
0.258 98.470
0.259 98.468
0.261 98.497
0.263 98.538
0.264 98.591
0.266 98.651
0.267 98.709
0.269 98.765
0.271 98.805
0.272 98.837
0.274 98.852
0.275 98.862
0.277 98.867
0.279 98.868
0.280 98.865
0.282 98.861
0.283 98.857
0.285 98.856
0.287 98.856
0.288 98.858
0.290 98.868
0.291 98.888
0.293 98.908
0.295 98.931
0.296 98.953
0.298 98.973
0.299 98.982
0.301 98.975
0.303 98.951
0.304 98.922
0.306 98.892
0.307 98.860
0.309 98.827
0.311 98.778
0.312 98.704
0.314 98.612
0.315 98.517
0.317 98.409
0.319 98.280
0.320 98.133
0.322 97.973
0.323 97.792
0.325 97.609
0.327 97.408
0.328 97.177
0.330 96.931
0.331 96.668
0.333 96.387
0.335 96.107
0.336 95.819
0.338 95.502
0.339 95.193
0.341 94.890
0.343 94.589
0.344 94.288
0.346 93.985
0.347 93.675
0.349 93.365
0.351 93.067
0.352 92.817
0.354 92.570
0.355 92.321
0.357 92.120
0.359 91.901
0.360 91.694
0.362 91.517
0.363 91.340
0.365 91.147
0.367 90.974
0.368 90.801
0.370 90.625
0.371 90.451
0.373 90.268
0.375 90.084
0.376 89.891
0.378 89.723
0.379 89.527
0.381 89.300
0.383 89.087
0.384 88.878
0.386 88.679
0.387 88.497
0.389 88.312
0.391 88.119
0.392 87.950
0.394 87.780
0.395 87.604
0.397 87.418
0.399 87.233
0.400 87.066
0.402 86.919
0.404 86.772
0.405 86.609
0.407 86.428
0.408 86.248
0.410 86.051
0.412 85.870
0.413 85.697
0.415 85.537
0.416 85.375
0.418 85.214
0.420 85.054
0.421 84.884
0.423 84.722
0.424 84.561
0.426 84.404
0.428 84.255
0.429 84.111
0.431 83.958
0.432 83.802
0.434 83.621
0.436 83.436
0.437 83.245
0.439 83.053
0.440 82.852
0.442 82.647
0.444 82.437
0.445 82.218
0.447 81.991
0.448 81.764
0.450 81.533
0.452 81.303
0.453 81.087
0.455 80.851
0.456 80.607
0.458 80.363
0.460 80.131
0.461 79.901
0.463 79.669
0.464 79.420
0.466 79.168
0.468 78.923
0.469 78.661
0.471 78.393
0.472 78.136
0.474 77.901
0.476 77.685
0.477 77.466
0.479 77.263
0.480 77.066
0.482 76.880
0.484 76.710
0.485 76.558
0.487 76.401
0.488 76.248
0.490 76.109
0.492 75.991
0.493 75.878
0.495 75.768
0.496 75.658
0.498 75.552
0.500 75.456
0.501 75.386
0.503 75.325
0.504 75.264
0.506 75.202
0.508 75.141
0.509 75.071
0.511 75.025
0.512 75.000
0.514 74.979
0.516 74.959
0.517 74.937
0.519 74.915
0.520 74.901
0.522 74.892
0.524 74.883
0.525 74.874
0.527 74.864
0.528 74.854
0.530 74.845
0.532 74.837
0.533 74.825
0.535 74.803
0.536 74.781
0.538 74.758
0.540 74.735
0.541 74.712
0.543 74.688
0.544 74.661
0.546 74.633
0.548 74.588
0.549 74.537
0.551 74.472
0.552 74.421
0.554 74.364
0.556 74.299
0.557 74.232
0.559 74.160
0.560 74.067
0.562 73.971
0.564 73.880
0.565 73.786
0.567 73.693
0.568 73.597
0.570 73.495
0.572 73.392
0.573 73.282
0.575 73.167
0.576 73.052
0.578 72.939
0.580 72.826
0.581 72.710
0.583 72.593
0.584 72.477
0.586 72.365
0.588 72.280
0.589 72.190
0.591 72.101
0.592 72.009
0.594 71.919
0.596 71.825
0.597 71.732
0.599 71.644
0.600 71.586
0.602 71.537
0.604 71.488
0.605 71.437
0.607 71.384
0.608 71.334
0.610 71.284
0.612 71.236
0.613 71.190
0.615 71.147
0.616 71.105
0.618 71.069
0.620 71.033
0.621 70.994
0.623 70.955
0.624 70.919
0.626 70.884
0.628 70.833
0.629 70.783
0.631 70.736
0.632 70.690
0.634 70.646
0.636 70.604
0.637 70.563
0.639 70.518
0.640 70.476
0.642 70.437
0.644 70.401
0.645 70.366
0.647 70.340
0.648 70.315
0.650 70.299
0.652 70.283
0.653 70.268
0.655 70.250
0.656 70.230
0.658 70.210
0.660 70.192
0.661 70.175
0.663 70.154
0.664 70.118
0.666 70.069
0.668 70.014
0.669 69.956
0.671 69.907
0.673 69.854
0.674 69.794
0.676 69.735
0.677 69.679
0.679 69.628
0.681 69.565
0.682 69.493
0.684 69.419
0.685 69.350
0.687 69.285
0.689 69.227
0.690 69.163
0.692 69.094
0.693 69.025
0.695 68.946
0.697 68.862
0.698 68.774
0.700 68.681
0.701 68.585
0.703 68.492
0.705 68.390
0.706 68.280
0.708 68.162
0.709 68.045
0.711 67.931
0.713 67.818
0.714 67.700
0.716 67.575
0.717 67.450
0.719 67.329
0.721 67.206
0.722 67.086
0.724 66.973
0.725 66.858
0.727 66.746
0.729 66.635
0.730 66.524
0.732 66.408
0.733 66.289
0.735 66.165
0.737 66.042
0.738 65.920
0.740 65.797
0.741 65.672
0.743 65.560
0.745 65.451
0.746 65.350
0.748 65.253
0.749 65.156
0.751 65.062
0.753 64.970
0.754 64.878
0.756 64.787
0.757 64.694
0.759 64.601
0.761 64.519
0.762 64.436
0.764 64.354
0.765 64.271
0.767 64.189
0.769 64.109
0.770 64.035
0.772 63.962
0.773 63.897
0.775 63.837
0.777 63.778
0.778 63.720
0.780 63.665
0.781 63.619
0.783 63.574
0.785 63.529
0.786 63.490
0.788 63.466
0.789 63.446
0.791 63.432
0.793 63.419
0.794 63.405
0.796 63.392
0.797 63.378
0.799 63.365
