T_1_LCA_LAD = [1.57, -0.5, -0.36, 13.18;...
				0.18, -0.55, 1.58, -0.84;...
				-0.58, -1.51, -0.46, 19.01;...
				0, 0, 0, 1];
				
T_LCA2B_LAD = [0.15, -0.59, -1.04, -1.39;...
				-0.16, -1.05, 0.57, 13.08;...
				-1.19, 0.07, -0.21, -11.90;...
				0, 0, 0, 1];
				
T_LCA3B_LAD = [1.29, 0.42, -0.10, 5.99;...
				-0.06, 0.51, 1.26, -9.74;...
				0.43, -1.19, 0.50, 6.16;...
				0, 0, 0, 1];
				
T_RCA_2B = [0.90, -0.87, 0.24, -8.20;...
     0.31, 0.62, 1.07, -0.83;...
     -0.85, -0.70, 0.64, 3.63;...
     0, 0, 0, 1];
	 
T_RCA_2B-noscaling = [0.70, -0.69, 0.19, -7.77;...
     0.24, 0.48, 0.84, -2.04;...
     -0.67, -0.54, 0.50, 4.29;...
     0, 0, 0, 1];

T_RCA_1B-scaled = [1.18, -0.76, 0.32, -13.38;...
     -0.10, 0.42, 1.37, 14.02;...
     -0.82, -1.14, 0.29, -13.43;...
     0, 0, 0, 1];
	 
T_RCA_1B-To-1C = [1.11, 0, -0.02, 7.31;...
	 -0, 1.11, -0.01, -12.69;...
	 0.02, 0.01, 1.11, 16.28;...
	 0, 0, 0, 1];

T_1_LCA_printToCT = [0.32, -0.52, -1.37, 2.86;...
    -1.20, -0.90, 0.06, -1.58;...
    -0.84, 1.08, -0.61, -1449.88;...
    0, 0, 0, 1];

T_1_LCA_CTToPrint = [0.14, -0.52, -0.38, -555.56;...
    -0.22, -0.41, 0.47, 678.27;...
    -0.60, 0.03, -0.26, -372.75;...
    0, 0, 0, 1];
	