time /s	 Tra 3	Err 3	 Tra 1	Err 1	 Tra 2	Err 2	 Tra 4	Err 4
0.000	0.818	0.003	77.003	0.874	63.309	0.778	0.000	0.000
0.002	0.818	0.003	76.991	0.853	63.349	0.772	0.000	0.000
0.004	0.818	0.003	76.980	0.834	63.390	0.769	0.000	0.000
0.006	0.818	0.003	76.968	0.818	63.431	0.770	0.000	0.000
0.008	0.818	0.003	76.956	0.805	63.472	0.774	0.000	0.000
0.011	0.818	0.003	76.954	0.794	63.548	0.783	0.000	0.000
0.013	0.818	0.003	76.978	0.776	63.740	0.802	0.000	0.000
0.015	0.818	0.003	77.002	0.760	63.933	0.840	0.000	0.000
0.017	0.818	0.003	77.026	0.746	64.125	0.895	0.000	0.000
0.019	0.818	0.003	77.051	0.736	64.318	0.964	0.000	0.000
0.021	0.818	0.003	77.070	0.741	64.566	1.025	0.000	0.000
0.023	0.818	0.003	77.075	0.754	64.870	1.083	0.000	0.000
0.025	0.818	0.003	77.079	0.769	65.174	1.154	0.000	0.000
0.028	0.818	0.003	77.084	0.785	65.478	1.238	0.000	0.000
0.030	0.818	0.003	77.090	0.799	65.789	1.321	0.000	0.000
0.032	0.818	0.003	77.118	0.796	66.108	1.335	0.000	0.000
0.034	0.818	0.003	77.150	0.794	66.402	1.311	0.000	0.000
0.036	0.818	0.003	77.183	0.795	66.695	1.291	0.000	0.000
0.038	0.818	0.003	77.216	0.799	66.989	1.274	0.000	0.000
0.040	0.818	0.003	77.259	0.809	67.280	1.244	0.000	0.000
0.042	0.818	0.003	77.348	0.791	67.523	1.200	0.000	0.000
0.044	0.818	0.003	77.455	0.769	67.755	1.149	0.000	0.000
0.047	0.818	0.003	77.561	0.753	67.988	1.101	0.000	0.000
0.049	0.818	0.003	77.670	0.745	68.222	1.053	0.000	0.000
0.051	0.818	0.003	77.763	0.742	68.447	1.013	0.000	0.000
0.053	0.818	0.003	77.821	0.740	68.645	0.977	0.000	0.000
0.055	0.818	0.003	77.869	0.743	68.838	0.940	0.000	0.000
0.057	0.818	0.003	77.916	0.749	69.029	0.909	0.000	0.000
0.059	0.818	0.003	77.963	0.756	69.211	0.886	0.000	0.000
0.061	0.818	0.003	78.001	0.752	69.379	0.874	0.000	0.000
0.063	0.818	0.003	78.024	0.756	69.527	0.879	0.000	0.000
0.066	0.818	0.003	78.039	0.768	69.672	0.887	0.000	0.000
0.068	0.818	0.003	78.054	0.777	69.814	0.901	0.000	0.000
0.070	0.818	0.003	78.104	0.813	69.949	0.917	0.000	0.000
0.072	0.818	0.003	78.272	0.870	70.067	0.938	0.000	0.000
0.074	0.818	0.003	78.528	1.005	70.183	0.963	0.000	0.000
0.076	0.818	0.003	78.822	1.192	70.293	0.990	0.000	0.000
0.078	0.818	0.003	79.153	1.458	70.416	1.027	0.000	0.000
0.080	0.818	0.003	79.592	1.836	70.580	1.114	0.000	0.000
0.083	0.818	0.003	80.303	2.231	70.860	1.167	0.000	0.000
0.085	0.818	0.003	81.157	2.650	71.208	1.243	0.000	0.000
0.087	0.818	0.003	82.103	3.072	71.593	1.349	0.000	0.000
0.089	0.818	0.003	83.105	3.518	72.001	1.523	0.000	0.000
0.091	0.818	0.003	84.250	3.954	72.519	1.794	0.000	0.000
0.093	0.818	0.003	85.593	4.305	73.208	2.028	0.000	0.000
0.095	0.818	0.003	87.011	4.635	73.972	2.274	0.000	0.000
0.097	0.818	0.003	88.478	4.932	74.788	2.525	0.000	0.000
0.099	0.818	0.003	89.975	5.131	75.628	2.770	0.000	0.000
0.102	0.818	0.003	91.489	5.238	76.525	2.985	0.000	0.000
0.104	0.818	0.003	92.961	5.159	77.472	3.112	0.000	0.000
0.106	0.818	0.003	94.419	5.056	78.437	3.222	0.000	0.000
0.108	0.818	0.003	95.824	4.857	79.409	3.258	0.000	0.000
0.110	0.818	0.003	97.151	4.576	80.372	3.222	0.000	0.000
0.112	0.818	0.003	98.321	4.224	81.295	3.143	0.000	0.000
0.114	0.818	0.003	99.300	3.770	82.154	2.984	0.000	0.000
0.116	0.818	0.003	100.191	3.312	82.975	2.809	0.000	0.000
0.118	0.818	0.003	101.025	2.888	83.772	2.622	0.000	0.000
0.121	0.818	0.003	101.755	2.494	84.489	2.399	0.000	0.000
0.123	0.818	0.003	102.356	2.150	85.121	2.181	0.000	0.000
0.125	0.818	0.003	102.826	1.846	85.679	1.970	0.000	0.000
0.127	0.818	0.003	103.243	1.604	86.192	1.773	0.000	0.000
0.129	0.818	0.003	103.606	1.416	86.669	1.596	0.000	0.000
0.131	0.818	0.003	103.924	1.237	87.089	1.434	0.000	0.000
0.133	0.818	0.003	104.191	1.137	87.420	1.302	0.000	0.000
0.135	0.818	0.003	104.420	1.071	87.708	1.187	0.000	0.000
0.138	0.818	0.003	104.618	1.020	87.957	1.103	0.000	0.000
0.140	0.818	0.003	104.792	0.960	88.193	1.025	0.000	0.000
0.142	0.818	0.003	104.946	0.903	88.413	0.954	0.000	0.000
0.144	0.818	0.003	105.039	0.861	88.595	0.927	0.000	0.000
0.146	0.818	0.003	105.118	0.839	88.769	0.917	0.000	0.000
0.148	0.818	0.003	105.185	0.846	88.930	0.916	0.000	0.000
0.150	0.818	0.003	105.230	0.874	89.088	0.924	0.000	0.000
0.152	0.818	0.003	105.239	0.897	89.239	0.937	0.000	0.000
0.154	0.818	0.003	105.222	0.896	89.377	0.962	0.000	0.000
0.157	0.818	0.003	105.198	0.902	89.509	0.989	0.000	0.000
0.159	0.818	0.003	105.160	0.918	89.636	1.019	0.000	0.000
0.161	0.818	0.003	105.119	0.940	89.757	1.056	0.000	0.000
0.163	0.818	0.003	105.084	0.973	89.882	1.087	0.000	0.000
0.165	0.818	0.003	105.055	1.016	90.009	1.111	0.000	0.000
0.167	0.818	0.003	105.023	1.072	90.132	1.139	0.000	0.000
0.169	0.818	0.003	104.978	1.125	90.254	1.162	0.000	0.000
0.171	0.818	0.003	104.966	1.163	90.374	1.180	0.000	0.000
0.174	0.818	0.003	104.964	1.184	90.498	1.195	0.000	0.000
0.176	0.818	0.003	104.965	1.196	90.625	1.214	0.000	0.000
0.178	0.818	0.003	104.971	1.215	90.753	1.235	0.000	0.000
0.180	0.818	0.003	105.007	1.198	90.891	1.261	0.000	0.000
0.182	0.818	0.003	105.040	1.182	91.036	1.289	0.000	0.000
0.184	0.818	0.003	105.088	1.182	91.194	1.314	0.000	0.000
0.186	0.818	0.003	105.142	1.188	91.361	1.339	0.000	0.000
0.188	0.818	0.003	105.213	1.212	91.527	1.362	0.000	0.000
0.190	0.818	0.003	105.313	1.253	91.699	1.373	0.000	0.000
0.193	0.818	0.003	105.424	1.300	91.868	1.390	0.000	0.000
0.195	0.818	0.003	105.593	1.358	92.028	1.410	0.000	0.000
0.197	0.818	0.003	105.770	1.428	92.188	1.431	0.000	0.000
0.199	0.818	0.003	105.959	1.507	92.351	1.455	0.000	0.000
0.201	0.818	0.003	106.168	1.595	92.516	1.478	0.000	0.000
0.203	0.818	0.003	106.377	1.660	92.685	1.503	0.000	0.000
0.205	0.818	0.003	106.614	1.690	92.856	1.528	0.000	0.000
0.207	0.818	0.003	106.853	1.724	93.027	1.554	0.000	0.000
0.209	0.818	0.003	107.078	1.740	93.202	1.585	0.000	0.000
0.212	0.818	0.003	107.320	1.746	93.371	1.613	0.000	0.000
0.214	0.818	0.003	107.544	1.750	93.534	1.629	0.000	0.000
0.216	0.818	0.003	107.747	1.734	93.704	1.640	0.000	0.000
0.218	0.818	0.003	107.942	1.710	93.872	1.650	0.000	0.000
0.220	0.818	0.003	108.123	1.670	94.038	1.659	0.000	0.000
0.222	0.818	0.003	108.294	1.624	94.203	1.675	0.000	0.000
0.224	0.818	0.003	108.449	1.599	94.363	1.698	0.000	0.000
0.226	0.818	0.003	108.595	1.591	94.514	1.724	0.000	0.000
0.229	0.818	0.003	108.749	1.598	94.659	1.745	0.000	0.000
0.231	0.818	0.003	108.893	1.618	94.806	1.764	0.000	0.000
0.233	0.818	0.003	109.032	1.653	94.956	1.787	0.000	0.000
0.235	0.818	0.003	109.166	1.687	95.103	1.809	0.000	0.000
0.237	0.818	0.003	109.297	1.729	95.257	1.840	0.000	0.000
0.239	0.818	0.003	109.439	1.785	95.418	1.881	0.000	0.000
0.241	0.818	0.003	109.585	1.837	95.586	1.927	0.000	0.000
0.243	0.818	0.003	109.745	1.883	95.765	1.969	0.000	0.000
0.245	0.818	0.003	109.938	1.918	95.962	2.010	0.000	0.000
0.248	0.818	0.003	110.132	1.943	96.175	2.067	0.000	0.000
0.250	0.818	0.003	110.332	1.967	96.401	2.136	0.000	0.000
0.252	0.818	0.003	110.558	1.999	96.634	2.212	0.000	0.000
0.254	0.818	0.003	110.781	2.029	96.874	2.290	0.000	0.000
0.256	0.818	0.003	111.015	2.063	97.118	2.355	0.000	0.000
0.258	0.818	0.003	111.260	2.115	97.363	2.419	0.000	0.000
0.260	0.818	0.003	111.497	2.160	97.613	2.475	0.000	0.000
0.262	0.818	0.003	111.724	2.196	97.865	2.521	0.000	0.000
0.264	0.818	0.003	111.947	2.227	98.124	2.559	0.000	0.000
0.267	0.818	0.003	112.164	2.240	98.397	2.581	0.000	0.000
0.269	0.818	0.003	112.360	2.230	98.670	2.604	0.000	0.000
0.271	0.818	0.003	112.556	2.226	98.940	2.624	0.000	0.000
0.273	0.818	0.003	112.758	2.222	99.212	2.645	0.000	0.000
0.275	0.818	0.003	112.953	2.231	99.481	2.653	0.000	0.000
0.277	0.818	0.003	113.135	2.250	99.741	2.650	0.000	0.000
0.279	0.818	0.003	113.319	2.271	99.990	2.635	0.000	0.000
0.281	0.818	0.003	113.505	2.294	100.235	2.616	0.000	0.000
0.284	0.818	0.003	113.689	2.317	100.474	2.605	0.000	0.000
0.286	0.818	0.003	113.883	2.333	100.694	2.609	0.000	0.000
0.288	0.818	0.003	114.086	2.346	100.895	2.611	0.000	0.000
0.290	0.818	0.003	114.282	2.353	101.087	2.612	0.000	0.000
0.292	0.818	0.003	114.475	2.361	101.273	2.613	0.000	0.000
0.294	0.818	0.003	114.655	2.364	101.458	2.618	0.000	0.000
0.296	0.818	0.003	114.824	2.365	101.623	2.631	0.000	0.000
0.298	0.818	0.003	114.987	2.364	101.787	2.650	0.000	0.000
0.300	0.818	0.003	115.140	2.364	101.944	2.670	0.000	0.000
0.303	0.818	0.003	115.282	2.369	102.095	2.690	0.000	0.000
0.305	0.818	0.003	115.427	2.376	102.240	2.715	0.000	0.000
0.307	0.818	0.003	115.541	2.400	102.389	2.742	0.000	0.000
0.309	0.818	0.003	115.657	2.429	102.533	2.764	0.000	0.000
0.311	0.818	0.003	115.777	2.460	102.676	2.785	0.000	0.000
0.313	0.818	0.003	115.901	2.484	102.815	2.803	0.000	0.000
0.315	0.818	0.003	116.025	2.516	102.951	2.826	0.000	0.000
0.317	0.818	0.003	116.156	2.524	103.080	2.844	0.000	0.000
0.320	0.818	0.003	116.286	2.529	103.209	2.859	0.000	0.000
0.322	0.818	0.003	116.421	2.524	103.341	2.871	0.000	0.000
0.324	0.818	0.003	116.545	2.518	103.468	2.880	0.000	0.000
0.326	0.818	0.003	116.666	2.504	103.593	2.887	0.000	0.000
0.328	0.818	0.003	116.765	2.469	103.701	2.878	0.000	0.000
0.330	0.818	0.003	116.858	2.429	103.800	2.865	0.000	0.000
0.332	0.818	0.003	116.947	2.396	103.883	2.841	0.000	0.000
0.334	0.818	0.003	117.027	2.377	103.958	2.827	0.000	0.000
0.336	0.818	0.003	117.073	2.371	104.003	2.809	0.000	0.000
0.339	0.818	0.003	117.089	2.363	104.018	2.775	0.000	0.000
0.341	0.818	0.003	117.084	2.351	104.024	2.741	0.000	0.000
0.343	0.818	0.003	117.074	2.342	104.029	2.709	0.000	0.000
0.345	0.818	0.003	117.064	2.339	104.034	2.680	0.000	0.000
0.347	0.818	0.003	116.975	2.356	103.964	2.668	0.000	0.000
0.349	0.818	0.003	116.862	2.375	103.874	2.660	0.000	0.000
0.351	0.818	0.003	116.719	2.372	103.765	2.641	0.000	0.000
0.353	0.818	0.003	116.568	2.393	103.645	2.648	0.000	0.000
0.355	0.818	0.003	116.397	2.435	103.506	2.673	0.000	0.000
0.358	0.818	0.003	116.060	2.537	103.224	2.744	0.000	0.000
0.360	0.818	0.003	115.690	2.629	102.909	2.800	0.000	0.000
0.362	0.818	0.003	115.300	2.725	102.572	2.854	0.000	0.000
0.364	0.818	0.003	114.882	2.890	102.216	2.957	0.000	0.000
0.366	0.818	0.003	114.395	3.098	101.792	3.095	0.000	0.000
0.368	0.819	0.003	113.752	3.356	101.230	3.289	0.000	0.000
0.370	0.819	0.003	113.044	3.572	100.603	3.443	0.000	0.000
0.372	0.819	0.003	112.325	3.803	99.966	3.614	0.000	0.000
0.375	0.819	0.003	111.594	4.067	99.309	3.830	0.000	0.000
0.377	0.819	0.003	110.810	4.243	98.556	4.049	0.000	0.000
0.379	0.819	0.003	109.884	4.382	97.664	4.261	0.000	0.000
0.381	0.819	0.003	108.890	4.477	96.717	4.438	0.000	0.000
0.383	0.819	0.003	107.907	4.562	95.769	4.624	0.000	0.000
0.385	0.819	0.003	106.995	4.565	94.845	4.778	0.000	0.000
0.387	0.819	0.003	106.227	4.352	93.919	4.802	0.000	0.000
0.389	0.819	0.003	105.473	4.136	92.921	4.795	0.000	0.000
0.391	0.819	0.003	104.710	3.978	91.902	4.787	0.000	0.000
0.394	0.819	0.003	104.000	3.796	90.913	4.740	0.000	0.000
0.396	0.819	0.003	103.374	3.677	90.003	4.629	0.000	0.000
0.398	0.819	0.003	103.131	3.459	89.271	4.377	0.000	0.000
0.400	0.819	0.003	103.104	3.288	88.604	4.152	0.000	0.000
0.402	0.819	0.003	103.111	3.220	87.948	3.967	0.000	0.000
0.404	0.819	0.003	103.105	3.239	87.316	3.778	0.000	0.000
0.406	0.819	0.003	103.117	3.290	86.756	3.669	0.000	0.000
0.408	0.819	0.003	103.374	3.152	86.427	3.493	0.000	0.000
0.411	0.819	0.003	103.869	2.832	86.260	3.292	0.000	0.000
0.413	0.819	0.003	104.360	2.566	86.094	3.111	0.000	0.000
0.415	0.819	0.003	104.815	2.366	85.912	2.953	0.000	0.000
0.417	0.819	0.003	105.216	2.171	85.755	2.837	0.000	0.000
0.419	0.819	0.003	105.532	2.046	85.667	2.745	0.000	0.000
0.421	0.819	0.003	105.798	1.975	85.626	2.628	0.000	0.000
0.423	0.819	0.003	106.073	1.943	85.581	2.530	0.000	0.000
0.425	0.819	0.003	106.362	1.959	85.520	2.444	0.000	0.000
0.427	0.819	0.003	106.632	1.942	85.439	2.386	0.000	0.000
0.430	0.819	0.003	106.821	1.898	85.332	2.360	0.000	0.000
0.432	0.819	0.003	106.945	1.901	85.205	2.341	0.000	0.000
0.434	0.819	0.003	107.062	1.900	85.074	2.333	0.000	0.000
0.436	0.819	0.003	107.187	1.928	84.928	2.312	0.000	0.000
0.438	0.819	0.003	107.345	1.950	84.766	2.290	0.000	0.000
0.440	0.819	0.003	107.558	1.944	84.583	2.281	0.000	0.000
0.442	0.819	0.003	107.783	1.917	84.388	2.282	0.000	0.000
0.444	0.819	0.003	107.968	1.857	84.194	2.271	0.000	0.000
0.446	0.819	0.003	108.133	1.778	83.997	2.253	0.000	0.000
0.449	0.819	0.003	108.257	1.729	83.798	2.218	0.000	0.000
0.451	0.818	0.002	108.392	1.681	83.600	2.186	0.000	0.000
0.453	0.818	0.002	108.526	1.631	83.399	2.157	0.000	0.000
0.455	0.818	0.002	108.625	1.576	83.197	2.132	0.000	0.000
0.457	0.818	0.002	108.691	1.530	82.991	2.107	0.000	0.000
0.459	0.818	0.002	108.676	1.499	82.782	2.073	0.000	0.000
0.461	0.818	0.003	108.611	1.500	82.583	2.030	0.000	0.000
0.463	0.818	0.003	108.532	1.518	82.390	1.980	0.000	0.000
0.466	0.818	0.003	108.436	1.518	82.196	1.935	0.000	0.000
0.468	0.818	0.003	108.321	1.508	81.997	1.895	0.000	0.000
0.470	0.818	0.003	108.181	1.489	81.780	1.862	0.000	0.000
0.472	0.818	0.003	108.026	1.484	81.561	1.836	0.000	0.000
0.474	0.818	0.003	107.868	1.493	81.345	1.815	0.000	0.000
0.476	0.818	0.003	107.708	1.502	81.133	1.791	0.000	0.000
0.478	0.818	0.003	107.545	1.507	80.921	1.768	0.000	0.000
0.480	0.818	0.003	107.385	1.506	80.710	1.744	0.000	0.000
0.482	0.818	0.003	107.229	1.502	80.491	1.720	0.000	0.000
0.485	0.818	0.003	107.080	1.496	80.267	1.701	0.000	0.000
0.487	0.818	0.003	106.937	1.493	80.045	1.685	0.000	0.000
0.489	0.818	0.003	106.787	1.486	79.834	1.663	0.000	0.000
0.491	0.818	0.003	106.634	1.477	79.633	1.640	0.000	0.000
0.493	0.818	0.003	106.483	1.468	79.437	1.620	0.000	0.000
0.495	0.818	0.003	106.331	1.457	79.252	1.599	0.000	0.000
0.497	0.818	0.003	106.178	1.445	79.070	1.580	0.000	0.000
0.499	0.818	0.003	106.026	1.429	78.883	1.564	0.000	0.000
0.501	0.818	0.003	105.882	1.417	78.699	1.553	0.000	0.000
0.504	0.818	0.003	105.736	1.406	78.516	1.542	0.000	0.000
0.506	0.818	0.003	105.594	1.396	78.341	1.532	0.000	0.000
0.508	0.818	0.003	105.455	1.385	78.167	1.523	0.000	0.000
0.510	0.818	0.003	105.334	1.373	78.012	1.513	0.000	0.000
0.512	0.818	0.003	105.213	1.362	77.863	1.511	0.000	0.000
0.514	0.818	0.003	105.100	1.351	77.722	1.515	0.000	0.000
0.516	0.818	0.003	104.994	1.343	77.586	1.526	0.000	0.000
0.518	0.818	0.003	104.889	1.335	77.456	1.536	0.000	0.000
0.521	0.818	0.003	104.786	1.321	77.342	1.542	0.000	0.000
0.523	0.818	0.003	104.682	1.307	77.229	1.550	0.000	0.000
0.525	0.818	0.003	104.588	1.289	77.128	1.554	0.000	0.000
0.527	0.818	0.003	104.494	1.271	77.031	1.560	0.000	0.000
0.529	0.818	0.003	104.398	1.254	76.942	1.559	0.000	0.000
0.531	0.818	0.003	104.299	1.239	76.862	1.553	0.000	0.000
0.533	0.818	0.003	104.198	1.224	76.781	1.546	0.000	0.000
0.535	0.818	0.003	104.091	1.207	76.712	1.514	0.000	0.000
0.537	0.818	0.003	103.983	1.191	76.643	1.483	0.000	0.000
0.540	0.818	0.003	103.861	1.179	76.586	1.444	0.000	0.000
0.542	0.818	0.003	103.735	1.169	76.533	1.402	0.000	0.000
0.544	0.818	0.003	103.602	1.162	76.476	1.360	0.000	0.000
0.546	0.818	0.003	103.456	1.162	76.419	1.314	0.000	0.000
0.548	0.818	0.003	103.306	1.164	76.362	1.269	0.000	0.000
0.550	0.818	0.003	103.146	1.173	76.289	1.240	0.000	0.000
0.552	0.818	0.002	102.985	1.185	76.216	1.213	0.000	0.000
0.554	0.818	0.002	102.810	1.197	76.137	1.187	0.000	0.000
0.557	0.818	0.002	102.631	1.212	76.058	1.163	0.000	0.000
0.559	0.818	0.002	102.453	1.225	75.979	1.141	0.000	0.000
0.561	0.818	0.002	102.260	1.233	75.896	1.115	0.000	0.000
0.563	0.818	0.002	102.065	1.243	75.814	1.090	0.000	0.000
0.565	0.818	0.002	101.872	1.253	75.731	1.077	0.000	0.000
0.567	0.818	0.002	101.678	1.264	75.638	1.068	0.000	0.000
0.569	0.818	0.002	101.476	1.267	75.544	1.060	0.000	0.000
0.571	0.818	0.002	101.264	1.262	75.449	1.058	0.000	0.000
0.573	0.818	0.002	101.053	1.258	75.353	1.051	0.000	0.000
0.576	0.818	0.002	100.843	1.252	75.253	1.042	0.000	0.000
0.578	0.818	0.002	100.633	1.248	75.155	1.034	0.000	0.000
0.580	0.818	0.002	100.425	1.242	75.054	1.025	0.000	0.000
0.582	0.818	0.002	100.219	1.234	74.953	1.016	0.000	0.000
0.584	0.818	0.002	100.015	1.232	74.855	1.014	0.000	0.000
0.586	0.818	0.002	99.810	1.232	74.762	1.016	0.000	0.000
0.588	0.818	0.002	99.603	1.237	74.670	1.021	0.000	0.000
0.590	0.818	0.002	99.401	1.236	74.576	1.026	0.000	0.000
0.592	0.818	0.002	99.196	1.234	74.480	1.032	0.000	0.000
0.595	0.818	0.002	98.984	1.236	74.391	1.035	0.000	0.000
0.597	0.818	0.002	98.771	1.238	74.306	1.033	0.000	0.000
0.599	0.818	0.002	98.557	1.240	74.223	1.031	0.000	0.000
0.601	0.818	0.002	98.340	1.244	74.144	1.027	0.000	0.000
0.603	0.818	0.002	98.134	1.239	74.061	1.021	0.000	0.000
0.605	0.818	0.002	97.939	1.227	73.977	1.019	0.000	0.000
0.607	0.818	0.002	97.750	1.205	73.895	1.015	0.000	0.000
0.609	0.818	0.002	97.557	1.183	73.821	1.006	0.000	0.000
0.612	0.818	0.002	97.365	1.173	73.754	0.986	0.000	0.000
0.614	0.818	0.002	97.183	1.166	73.696	0.975	0.000	0.000
0.616	0.818	0.002	96.999	1.165	73.643	0.964	0.000	0.000
0.618	0.818	0.002	96.816	1.167	73.591	0.954	0.000	0.000
0.620	0.818	0.002	96.637	1.165	73.539	0.946	0.000	0.000
0.622	0.818	0.002	96.444	1.156	73.495	0.937	0.000	0.000
0.624	0.818	0.002	96.249	1.153	73.452	0.926	0.000	0.000
0.626	0.818	0.002	96.051	1.154	73.409	0.914	0.000	0.000
0.628	0.818	0.002	95.852	1.156	73.365	0.905	0.000	0.000
0.631	0.818	0.002	95.654	1.157	73.324	0.899	0.000	0.000
0.633	0.818	0.002	95.457	1.155	73.285	0.894	0.000	0.000
0.635	0.818	0.002	95.262	1.143	73.239	0.892	0.000	0.000
0.637	0.818	0.002	95.069	1.130	73.189	0.893	0.000	0.000
0.639	0.818	0.002	94.877	1.118	73.143	0.892	0.000	0.000
0.641	0.818	0.002	94.710	1.107	73.106	0.886	0.000	0.000
0.643	0.818	0.002	94.556	1.106	73.073	0.883	0.000	0.000
0.645	0.818	0.002	94.402	1.109	73.046	0.881	0.000	0.000
0.647	0.818	0.002	94.248	1.114	73.018	0.880	0.000	0.000
0.650	0.818	0.002	94.097	1.120	72.989	0.881	0.000	0.000
0.652	0.818	0.002	93.946	1.130	72.944	0.894	0.000	0.000
0.654	0.818	0.002	93.794	1.139	72.895	0.904	0.000	0.000
0.656	0.818	0.002	93.641	1.152	72.847	0.911	0.000	0.000
0.658	0.818	0.002	93.489	1.166	72.799	0.919	0.000	0.000
0.660	0.818	0.002	93.339	1.179	72.751	0.922	0.000	0.000
0.662	0.818	0.002	93.189	1.186	72.701	0.921	0.000	0.000
0.664	0.818	0.002	93.040	1.187	72.650	0.922	0.000	0.000
0.667	0.818	0.002	92.893	1.184	72.598	0.924	0.000	0.000
0.669	0.818	0.002	92.746	1.181	72.545	0.928	0.000	0.000
0.671	0.818	0.002	92.601	1.178	72.486	0.929	0.000	0.000
0.673	0.818	0.002	92.453	1.171	72.422	0.920	0.000	0.000
0.675	0.818	0.002	92.308	1.158	72.355	0.916	0.000	0.000
0.677	0.818	0.002	92.163	1.145	72.286	0.915	0.000	0.000
0.679	0.818	0.002	92.020	1.131	72.215	0.915	0.000	0.000
0.681	0.818	0.003	91.881	1.117	72.139	0.913	0.000	0.000
0.683	0.818	0.003	91.747	1.100	72.064	0.910	0.000	0.000
0.686	0.818	0.003	91.612	1.086	71.989	0.907	0.000	0.000
0.688	0.818	0.003	91.476	1.073	71.915	0.905	0.000	0.000
0.690	0.818	0.003	91.341	1.061	71.838	0.903	0.000	0.000
0.692	0.818	0.003	91.212	1.049	71.764	0.901	0.000	0.000
0.694	0.818	0.003	91.083	1.039	71.690	0.900	0.000	0.000
0.696	0.818	0.003	90.954	1.031	71.616	0.901	0.000	0.000
0.698	0.818	0.003	90.826	1.023	71.541	0.901	0.000	0.000
0.700	0.818	0.003	90.699	1.015	71.466	0.904	0.000	0.000
0.703	0.818	0.003	90.572	1.008	71.384	0.910	0.000	0.000
0.705	0.818	0.003	90.446	0.999	71.302	0.915	0.000	0.000
0.707	0.818	0.003	90.321	0.988	71.222	0.915	0.000	0.000
0.709	0.818	0.003	90.197	0.977	71.149	0.916	0.000	0.000
0.711	0.818	0.003	90.073	0.965	71.079	0.915	0.000	0.000
0.713	0.818	0.003	89.946	0.949	71.009	0.909	0.000	0.000
0.715	0.818	0.003	89.818	0.937	70.939	0.904	0.000	0.000
0.717	0.818	0.003	89.689	0.927	70.869	0.902	0.000	0.000
0.719	0.818	0.003	89.561	0.918	70.794	0.901	0.000	0.000
0.722	0.818	0.003	89.435	0.915	70.718	0.896	0.000	0.000
0.724	0.818	0.003	89.312	0.914	70.643	0.886	0.000	0.000
0.726	0.818	0.003	89.189	0.914	70.569	0.872	0.000	0.000
0.728	0.818	0.003	89.068	0.916	70.494	0.858	0.000	0.000
0.730	0.818	0.003	88.948	0.917	70.421	0.845	0.000	0.000
0.732	0.818	0.003	88.837	0.919	70.348	0.840	0.000	0.000
0.734	0.818	0.003	88.734	0.925	70.274	0.840	0.000	0.000
0.736	0.818	0.003	88.630	0.934	70.200	0.844	0.000	0.000
0.738	0.818	0.003	88.526	0.944	70.128	0.847	0.000	0.000
0.741	0.818	0.003	88.424	0.956	70.058	0.852	0.000	0.000
0.743	0.818	0.003	88.325	0.980	69.994	0.855	0.000	0.000
0.745	0.818	0.003	88.223	1.004	69.930	0.859	0.000	0.000
0.747	0.818	0.003	88.125	1.026	69.863	0.865	0.000	0.000
0.749	0.818	0.003	88.029	1.052	69.795	0.871	0.000	0.000
0.751	0.818	0.003	87.921	1.051	69.727	0.870	0.000	0.000
0.753	0.818	0.003	87.806	1.029	69.662	0.866	0.000	0.000
0.755	0.818	0.003	87.690	1.010	69.602	0.860	0.000	0.000
0.758	0.818	0.003	87.573	0.994	69.544	0.854	0.000	0.000
0.760	0.818	0.003	87.456	0.980	69.483	0.850	0.000	0.000
0.762	0.818	0.003	87.344	0.972	69.421	0.850	0.000	0.000
0.764	0.818	0.003	87.235	0.958	69.355	0.849	0.000	0.000
0.766	0.818	0.003	87.130	0.942	69.291	0.850	0.000	0.000
0.768	0.818	0.003	87.025	0.925	69.227	0.852	0.000	0.000
0.770	0.818	0.003	86.922	0.910	69.166	0.850	0.000	0.000
0.772	0.818	0.003	86.832	0.900	69.107	0.846	0.000	0.000
0.774	0.818	0.003	86.747	0.896	69.045	0.841	0.000	0.000
0.777	0.818	0.003	86.663	0.894	68.982	0.835	0.000	0.000
0.779	0.818	0.003	86.581	0.892	68.915	0.833	0.000	0.000
0.781	0.818	0.003	86.496	0.889	68.847	0.834	0.000	0.000
0.783	0.818	0.003	86.408	0.884	68.779	0.841	0.000	0.000
0.785	0.818	0.003	86.320	0.876	68.711	0.850	0.000	0.000
0.787	0.818	0.003	86.235	0.868	68.639	0.859	0.000	0.000
0.789	0.818	0.003	86.151	0.862	68.567	0.866	0.000	0.000
0.791	0.818	0.003	86.067	0.853	68.492	0.873	0.000	0.000
0.793	0.818	0.002	85.985	0.847	68.419	0.873	0.000	0.000
0.796	0.818	0.002	85.903	0.841	68.352	0.871	0.000	0.000
0.798	0.818	0.002	85.822	0.836	68.290	0.868	0.000	0.000
0.800	0.818	0.002	85.742	0.831	68.230	0.866	0.000	0.000
0.802	0.818	0.003	85.668	0.830	68.172	0.862	0.000	0.000
0.804	0.818	0.003	85.592	0.829	68.111	0.857	0.000	0.000
0.806	0.818	0.003	85.518	0.828	68.049	0.848	0.000	0.000
0.808	0.818	0.003	85.444	0.830	67.986	0.838	0.000	0.000
0.810	0.818	0.003	85.371	0.830	67.928	0.832	0.000	0.000
0.813	0.818	0.003	85.299	0.828	67.874	0.829	0.000	0.000
0.815	0.818	0.003	85.229	0.828	67.827	0.826	0.000	0.000
0.817	0.818	0.003	85.158	0.829	67.779	0.824	0.000	0.000
0.819	0.818	0.003	85.082	0.829	67.732	0.819	0.000	0.000
0.821	0.818	0.003	85.004	0.830	67.682	0.814	0.000	0.000
0.823	0.818	0.003	84.926	0.831	67.631	0.808	0.000	0.000
0.825	0.818	0.003	84.846	0.831	67.584	0.801	0.000	0.000
0.827	0.818	0.003	84.769	0.829	67.540	0.793	0.000	0.000
0.829	0.818	0.003	84.697	0.826	67.498	0.786	0.000	0.000
0.832	0.818	0.003	84.627	0.824	67.454	0.774	0.000	0.000
0.834	0.818	0.003	84.561	0.819	67.409	0.763	0.000	0.000
0.836	0.818	0.003	84.499	0.809	67.362	0.755	0.000	0.000
0.838	0.818	0.003	84.437	0.799	67.314	0.752	0.000	0.000
0.840	0.818	0.003	84.377	0.789	67.265	0.757	0.000	0.000
0.842	0.818	0.003	84.319	0.778	67.218	0.767	0.000	0.000
0.844	0.818	0.003	84.267	0.778	67.176	0.775	0.000	0.000
0.846	0.818	0.003	84.217	0.780	67.134	0.783	0.000	0.000
0.849	0.818	0.003	84.173	0.782	67.091	0.778	0.000	0.000
0.851	0.818	0.003	84.131	0.782	67.056	0.776	0.000	0.000
0.853	0.818	0.003	84.088	0.782	67.021	0.774	0.000	0.000
0.855	0.818	0.003	84.046	0.773	66.984	0.776	0.000	0.000
0.857	0.818	0.003	84.009	0.760	66.948	0.775	0.000	0.000
0.859	0.818	0.003	83.978	0.748	66.917	0.778	0.000	0.000
0.861	0.818	0.003	83.951	0.740	66.888	0.783	0.000	0.000
0.863	0.818	0.003	83.929	0.732	66.862	0.790	0.000	0.000
0.865	0.818	0.003	83.924	0.720	66.846	0.793	0.000	0.000
0.868	0.818	0.003	83.920	0.707	66.832	0.798	0.000	0.000
0.870	0.818	0.003	83.923	0.693	66.820	0.796	0.000	0.000
0.872	0.818	0.003	83.928	0.680	66.807	0.793	0.000	0.000
0.874	0.818	0.003	83.934	0.670	66.790	0.789	0.000	0.000
0.876	0.818	0.003	83.945	0.664	66.768	0.784	0.000	0.000
0.878	0.818	0.003	83.961	0.660	66.745	0.786	0.000	0.000
0.880	0.818	0.003	83.981	0.651	66.717	0.787	0.000	0.000
0.882	0.818	0.003	84.001	0.643	66.688	0.789	0.000	0.000
0.884	0.818	0.003	84.020	0.636	66.657	0.794	0.000	0.000
0.887	0.818	0.003	84.038	0.632	66.625	0.801	0.000	0.000
0.889	0.818	0.003	84.051	0.629	66.586	0.801	0.000	0.000
0.891	0.818	0.003	84.063	0.630	66.541	0.790	0.000	0.000
0.893	0.818	0.003	84.069	0.628	66.497	0.781	0.000	0.000
0.895	0.818	0.003	84.067	0.634	66.447	0.772	0.000	0.000
0.897	0.818	0.003	84.059	0.646	66.395	0.768	0.000	0.000
0.899	0.818	0.003	84.045	0.659	66.352	0.768	0.000	0.000
0.901	0.818	0.003	84.028	0.672	66.314	0.774	0.000	0.000
0.904	0.818	0.003	84.007	0.689	66.275	0.782	0.000	0.000
0.906	0.818	0.003	83.967	0.706	66.233	0.793	0.000	0.000
0.908	0.818	0.003	83.919	0.724	66.185	0.803	0.000	0.000
0.910	0.818	0.003	83.859	0.745	66.129	0.811	0.000	0.000
0.912	0.818	0.003	83.789	0.768	66.061	0.818	0.000	0.000
0.914	0.818	0.003	83.715	0.792	65.994	0.825	0.000	0.000
0.916	0.818	0.003	83.631	0.801	65.927	0.826	0.000	0.000
0.918	0.818	0.003	83.539	0.812	65.853	0.827	0.000	0.000
0.920	0.818	0.003	83.444	0.825	65.778	0.828	0.000	0.000
0.923	0.818	0.003	83.353	0.838	65.703	0.829	0.000	0.000
0.925	0.818	0.003	83.257	0.850	65.627	0.827	0.000	0.000
0.927	0.818	0.003	83.153	0.863	65.548	0.820	0.000	0.000
0.929	0.818	0.003	83.042	0.874	65.471	0.811	0.000	0.000
0.931	0.818	0.003	82.927	0.884	65.394	0.802	0.000	0.000
0.933	0.818	0.003	82.806	0.896	65.320	0.794	0.000	0.000
0.935	0.818	0.003	82.677	0.899	65.248	0.779	0.000	0.000
0.937	0.818	0.003	82.545	0.896	65.178	0.763	0.000	0.000
0.940	0.818	0.003	82.418	0.891	65.116	0.751	0.000	0.000
0.942	0.818	0.003	82.289	0.888	65.060	0.740	0.000	0.000
0.944	0.818	0.003	82.160	0.887	65.012	0.732	0.000	0.000
0.946	0.818	0.003	82.033	0.881	64.978	0.726	0.000	0.000
0.948	0.818	0.003	81.911	0.871	64.971	0.713	0.000	0.000
0.950	0.818	0.003	81.791	0.863	64.983	0.703	0.000	0.000
0.952	0.818	0.003	81.677	0.853	64.994	0.694	0.000	0.000
0.954	0.818	0.003	81.565	0.844	65.010	0.691	0.000	0.000
0.956	0.818	0.003	81.475	0.837	65.028	0.694	0.000	0.000
0.959	0.818	0.003	81.397	0.828	65.037	0.702	0.000	0.000
0.961	0.818	0.003	81.322	0.819	65.043	0.712	0.000	0.000
0.963	0.818	0.003	81.251	0.814	65.055	0.721	0.000	0.000
0.965	0.818	0.003	81.183	0.813	65.075	0.728	0.000	0.000
0.967	0.818	0.003	81.108	0.824	65.100	0.735	0.000	0.000
0.969	0.818	0.003	81.027	0.837	65.127	0.737	0.000	0.000
0.971	0.818	0.003	80.946	0.851	65.149	0.747	0.000	0.000
0.973	0.818	0.003	80.864	0.864	65.169	0.760	0.000	0.000
0.975	0.818	0.003	80.782	0.883	65.178	0.771	0.000	0.000
0.978	0.818	0.003	80.693	0.911	65.167	0.789	0.000	0.000
0.980	0.818	0.003	80.597	0.941	65.147	0.814	0.000	0.000
0.982	0.818	0.003	80.497	0.973	65.122	0.853	0.000	0.000
0.984	0.818	0.003	80.394	1.004	65.094	0.894	0.000	0.000
0.986	0.818	0.003	80.284	1.026	65.061	0.942	0.000	0.000
0.988	0.818	0.003	80.163	1.042	64.996	0.983	0.000	0.000
0.990	0.818	0.003	80.044	1.059	64.923	1.017	0.000	0.000
0.992	0.818	0.003	79.924	1.078	64.844	1.048	0.000	0.000
0.995	0.818	0.003	79.800	1.094	64.762	1.081	0.000	0.000
0.997	0.818	0.003	79.676	1.087	64.680	1.103	0.000	0.000
0.999	0.818	0.003	79.553	1.072	64.598	1.108	0.000	0.000
1.001	0.818	0.003	79.430	1.055	64.522	1.107	0.000	0.000
1.003	0.818	0.003	79.307	1.041	64.445	1.110	0.000	0.000
1.005	0.818	0.003	79.186	1.030	64.365	1.115	0.000	0.000
1.007	0.818	0.003	79.076	1.018	64.282	1.093	0.000	0.000
1.009	0.818	0.003	78.973	1.003	64.207	1.069	0.000	0.000
1.011	0.818	0.003	78.875	0.987	64.134	1.047	0.000	0.000
1.014	0.818	0.003	78.777	0.973	64.060	1.027	0.000	0.000
1.016	0.818	0.003	78.677	0.960	63.980	1.003	0.000	0.000
1.018	0.818	0.003	78.575	0.939	63.913	0.965	0.000	0.000
1.020	0.818	0.003	78.477	0.914	63.853	0.926	0.000	0.000
1.022	0.818	0.003	78.380	0.890	63.794	0.888	0.000	0.000
1.024	0.818	0.003	78.282	0.866	63.735	0.854	0.000	0.000
1.026	0.818	0.003	78.186	0.846	63.678	0.824	0.000	0.000
1.028	0.818	0.003	78.080	0.838	63.634	0.806	0.000	0.000
1.030	0.818	0.003	77.972	0.835	63.588	0.794	0.000	0.000
1.033	0.818	0.003	77.864	0.833	63.543	0.783	0.000	0.000
1.035	0.818	0.003	77.756	0.832	63.498	0.774	0.000	0.000
1.037	0.818	0.003	77.652	0.834	63.464	0.774	0.000	0.000
1.039	0.818	0.003	77.552	0.839	63.430	0.777	0.000	0.000
1.041	0.818	0.003	77.453	0.845	63.396	0.781	0.000	0.000
1.043	0.818	0.003	77.353	0.852	63.363	0.785	0.000	0.000
1.045	0.818	0.003	77.254	0.859	63.329	0.790	0.000	0.000
1.047	0.818	0.003	77.173	0.854	63.294	0.786	0.000	0.000
1.050	0.818	0.003	77.103	0.842	63.258	0.779	0.000	0.000
1.052	0.818	0.003	77.032	0.831	63.222	0.773	0.000	0.000
1.054	0.818	0.003	76.962	0.821	63.186	0.766	0.000	0.000
1.056	0.818	0.003	76.891	0.812	63.150	0.760	0.000	0.000


General Analysis Info:
----------------------
File Data Taken From = E:\files for GIMIAS\V100 pre PCI for GIMIAS.txt
Time Window Taken From Raw Data: Start = 0.400 End =18.920
No Of Cycles Averaged = 17


Time Info
---------
Time Column In File = 0
Averaged Cycle Time = 1.056+/-0.029


Cycles Info:
----------------
Cycle Num	Deleted	Start t	End t
0	Yes	0.000	0.000
1	No	0.000	1.070
2	No	1.070	2.110
3	No	2.110	3.120
4	No	3.120	4.180
5	No	4.180	5.250
6	No	5.250	6.320
7	No	6.320	7.360
8	No	7.360	8.370
9	No	8.370	9.410
10	No	9.410	10.500
11	No	10.500	11.540
12	No	11.540	12.580
13	No	12.580	13.700
14	No	13.700	14.800
15	No	14.800	15.850
16	No	15.850	16.890
17	No	16.890	17.950
18	Yes	17.950	18.520


Trace 3 Average Information
---------------------------
Mean Value = 0.819+/-0.003
Min Value = 0.818+/-0.003
Max Value = 0.819+/-0.003
Value Orig = Value Orig +-0.000+/--0.000 + -0.000+/-0.000


Trace 1 Average Information
---------------------------
Mean Value = 95.592+/-12.690
Min Value = 76.891+/-0.812
Max Value = 117.089+/-2.363
Value Orig = Value Orig +-0.106+/--0.082 + -0.056+/-0.000


Trace 2 Average Information
---------------------------
Mean Value = 78.212+/-12.584
Min Value = 63.150+/-0.760
Max Value = 104.034+/-2.680
Value Orig = Value Orig +-0.150+/--0.111 + -0.079+/-0.000


Trace 4 Average Information
---------------------------
Mean Value = 0.000+/-0.000
Min Value = 0.000+/-0.000
Max Value = 0.000+/-0.000
Value Orig = Value Orig +0.000+/-0.000 + 0.000+/--1.#IO


