0.000 0.000
0.002 0.000
0.004 0.000
0.006 0.000
0.008 0.000
0.011 0.000
0.013 0.000
0.015 0.000
0.017 0.000
0.019 0.000
0.021 0.000
0.023 0.000
0.025 0.000
0.028 0.000
0.030 0.000
0.032 0.000
0.034 0.000
0.036 0.000
0.038 0.000
0.040 0.000
0.042 0.000
0.044 0.000
0.047 0.000
0.049 0.000
0.051 0.000
0.053 0.000
0.055 0.000
0.057 0.000
0.059 0.000
0.061 0.000
0.063 0.000
0.066 0.000
0.068 0.000
0.070 0.000
0.072 0.000
0.074 0.000
0.076 0.000
0.078 0.000
0.080 0.000
0.083 0.000
0.085 0.000
0.087 0.000
0.089 0.000
0.091 0.000
0.093 0.000
0.095 0.000
0.097 0.000
0.099 0.000
0.102 0.000
0.104 0.000
0.106 0.000
0.108 0.000
0.110 0.000
0.112 0.000
0.114 0.000
0.116 0.000
0.118 0.000
0.121 0.000
0.123 0.000
0.125 0.000
0.127 0.000
0.129 0.000
0.131 0.000
0.133 0.000
0.135 0.000
0.138 0.000
0.140 0.000
0.142 0.000
0.144 0.000
0.146 0.000
0.148 0.000
0.150 0.000
0.152 0.000
0.154 0.000
0.157 0.000
0.159 0.000
0.161 0.000
0.163 0.000
0.165 0.000
0.167 0.000
0.169 0.000
0.171 0.000
0.174 0.000
0.176 0.000
0.178 0.000
0.180 0.000
0.182 0.000
0.184 0.000
0.186 0.000
0.188 0.000
0.190 0.000
0.193 0.000
0.195 0.000
0.197 0.000
0.199 0.000
0.201 0.000
0.203 0.000
0.205 0.000
0.207 0.000
0.209 0.000
0.212 0.000
0.214 0.000
0.216 0.000
0.218 0.000
0.220 0.000
0.222 0.000
0.224 0.000
0.226 0.000
0.229 0.000
0.231 0.000
0.233 0.000
0.235 0.000
0.237 0.000
0.239 0.000
0.241 0.000
0.243 0.000
0.245 0.000
0.248 0.000
0.250 0.000
0.252 0.000
0.254 0.000
0.256 0.000
0.258 0.000
0.260 0.000
0.262 0.000
0.264 0.000
0.267 0.000
0.269 0.000
0.271 0.000
0.273 0.000
0.275 0.000
0.277 0.000
0.279 0.000
0.281 0.000
0.284 0.000
0.286 0.000
0.288 0.000
0.290 0.000
0.292 0.000
0.294 0.000
0.296 0.000
0.298 0.000
0.300 0.000
0.303 0.000
0.305 0.000
0.307 0.000
0.309 0.000
0.311 0.000
0.313 0.000
0.315 0.000
0.317 0.000
0.320 0.000
0.322 0.000
0.324 0.000
0.326 0.000
0.328 0.000
0.330 0.000
0.332 0.000
0.334 0.000
0.336 0.000
0.339 0.000
0.341 0.000
0.343 0.000
0.345 0.000
0.347 0.000
0.349 0.000
0.351 0.000
0.353 0.000
0.355 0.000
0.358 0.000
0.360 0.000
0.362 0.000
0.364 0.000
0.366 0.000
0.368 0.000
0.370 0.000
0.372 0.000
0.375 0.000
0.377 0.000
0.379 0.000
0.381 0.000
0.383 0.000
0.385 0.000
0.387 0.000
0.389 0.000
0.391 0.000
0.394 0.000
0.396 0.000
0.398 0.000
0.400 0.000
0.402 0.000
0.404 0.000
0.406 0.000
0.408 0.000
0.411 0.000
0.413 0.000
0.415 0.000
0.417 0.000
0.419 0.000
0.421 0.000
0.423 0.000
0.425 0.000
0.427 0.000
0.430 0.000
0.432 0.000
0.434 0.000
0.436 0.000
0.438 0.000
0.440 0.000
0.442 0.000
0.444 0.000
0.446 0.000
0.449 0.000
0.451 0.000
0.453 0.000
0.455 0.000
0.457 0.000
0.459 0.000
0.461 0.000
0.463 0.000
0.466 0.000
0.468 0.000
0.470 0.000
0.472 0.000
0.474 0.000
0.476 0.000
0.478 0.000
0.480 0.000
0.482 0.000
0.485 0.000
0.487 0.000
0.489 0.000
0.491 0.000
0.493 0.000
0.495 0.000
0.497 0.000
0.499 0.000
0.501 0.000
0.504 0.000
0.506 0.000
0.508 0.000
0.510 0.000
0.512 0.000
0.514 0.000
0.516 0.000
0.518 0.000
0.521 0.000
0.523 0.000
0.525 0.000
0.527 0.000
0.529 0.000
0.531 0.000
0.533 0.000
0.535 0.000
0.537 0.000
0.540 0.000
0.542 0.000
0.544 0.000
0.546 0.000
0.548 0.000
0.550 0.000
0.552 0.000
0.554 0.000
0.557 0.000
0.559 0.000
0.561 0.000
0.563 0.000
0.565 0.000
0.567 0.000
0.569 0.000
0.571 0.000
0.573 0.000
0.576 0.000
0.578 0.000
0.580 0.000
0.582 0.000
0.584 0.000
0.586 0.000
0.588 0.000
0.590 0.000
0.592 0.000
0.595 0.000
0.597 0.000
0.599 0.000
0.601 0.000
0.603 0.000
0.605 0.000
0.607 0.000
0.609 0.000
0.612 0.000
0.614 0.000
0.616 0.000
0.618 0.000
0.620 0.000
0.622 0.000
0.624 0.000
0.626 0.000
0.628 0.000
0.631 0.000
0.633 0.000
0.635 0.000
0.637 0.000
0.639 0.000
0.641 0.000
0.643 0.000
0.645 0.000
0.647 0.000
0.650 0.000
0.652 0.000
0.654 0.000
0.656 0.000
0.658 0.000
0.660 0.000
0.662 0.000
0.664 0.000
0.667 0.000
0.669 0.000
0.671 0.000
0.673 0.000
0.675 0.000
0.677 0.000
0.679 0.000
0.681 0.000
0.683 0.000
0.686 0.000
0.688 0.000
0.690 0.000
0.692 0.000
0.694 0.000
0.696 0.000
0.698 0.000
0.700 0.000
0.703 0.000
0.705 0.000
0.707 0.000
0.709 0.000
0.711 0.000
0.713 0.000
0.715 0.000
0.717 0.000
0.719 0.000
0.722 0.000
0.724 0.000
0.726 0.000
0.728 0.000
0.730 0.000
0.732 0.000
0.734 0.000
0.736 0.000
0.738 0.000
0.741 0.000
0.743 0.000
0.745 0.000
0.747 0.000
0.749 0.000
0.751 0.000
0.753 0.000
0.755 0.000
0.758 0.000
0.760 0.000
0.762 0.000
0.764 0.000
0.766 0.000
0.768 0.000
0.770 0.000
0.772 0.000
0.774 0.000
0.777 0.000
0.779 0.000
0.781 0.000
0.783 0.000
0.785 0.000
0.787 0.000
0.789 0.000
0.791 0.000
0.793 0.000
0.796 0.000
0.798 0.000
0.800 0.000
0.802 0.000
0.804 0.000
0.806 0.000
0.808 0.000
0.810 0.000
0.813 0.000
0.815 0.000
0.817 0.000
0.819 0.000
0.821 0.000
0.823 0.000
0.825 0.000
0.827 0.000
0.829 0.000
0.832 0.000
0.834 0.000
0.836 0.000
0.838 0.000
0.840 0.000
0.842 0.000
0.844 0.000
0.846 0.000
0.849 0.000
0.851 0.000
0.853 0.000
0.855 0.000
0.857 0.000
0.859 0.000
0.861 0.000
0.863 0.000
0.865 0.000
0.868 0.000
0.870 0.000
0.872 0.000
0.874 0.000
0.876 0.000
0.878 0.000
0.880 0.000
0.882 0.000
0.884 0.000
0.887 0.000
0.889 0.000
0.891 0.000
0.893 0.000
0.895 0.000
0.897 0.000
0.899 0.000
0.901 0.000
0.904 0.000
0.906 0.000
0.908 0.000
0.910 0.000
0.912 0.000
0.914 0.000
0.916 0.000
0.918 0.000
0.920 0.000
0.923 0.000
0.925 0.000
0.927 0.000
0.929 0.000
0.931 0.000
0.933 0.000
0.935 0.000
0.937 0.000
0.940 0.000
0.942 0.000
0.944 0.000
0.946 0.000
0.948 0.000
0.950 0.000
0.952 0.000
0.954 0.000
0.956 0.000
0.959 0.000
0.961 0.000
0.963 0.000
0.965 0.000
0.967 0.000
0.969 0.000
0.971 0.000
0.973 0.000
0.975 0.000
0.978 0.000
0.980 0.000
0.982 0.000
0.984 0.000
0.986 0.000
0.988 0.000
0.990 0.000
0.992 0.000
0.995 0.000
0.997 0.000
0.999 0.000
1.001 0.000
1.003 0.000
1.005 0.000
1.007 0.000
1.009 0.000
1.011 0.000
1.014 0.000
1.016 0.000
1.018 0.000
1.020 0.000
1.022 0.000
1.024 0.000
1.026 0.000
1.028 0.000
1.030 0.000
1.033 0.000
1.035 0.000
1.037 0.000
1.039 0.000
1.041 0.000
1.043 0.000
1.045 0.000
1.047 0.000
1.050 0.000
1.052 0.000
1.054 0.000
1.056 0.000
