0.000 0.818
0.002 0.818
0.004 0.818
0.006 0.818
0.008 0.818
0.011 0.818
0.013 0.818
0.015 0.818
0.017 0.818
0.019 0.818
0.021 0.818
0.023 0.818
0.025 0.818
0.028 0.818
0.030 0.818
0.032 0.818
0.034 0.818
0.036 0.818
0.038 0.818
0.040 0.818
0.042 0.818
0.044 0.818
0.047 0.818
0.049 0.818
0.051 0.818
0.053 0.818
0.055 0.818
0.057 0.818
0.059 0.818
0.061 0.818
0.063 0.818
0.066 0.818
0.068 0.818
0.070 0.818
0.072 0.818
0.074 0.818
0.076 0.818
0.078 0.818
0.080 0.818
0.083 0.818
0.085 0.818
0.087 0.818
0.089 0.818
0.091 0.818
0.093 0.818
0.095 0.818
0.097 0.818
0.099 0.818
0.102 0.818
0.104 0.818
0.106 0.818
0.108 0.818
0.110 0.818
0.112 0.818
0.114 0.818
0.116 0.818
0.118 0.818
0.121 0.818
0.123 0.818
0.125 0.818
0.127 0.818
0.129 0.818
0.131 0.818
0.133 0.818
0.135 0.818
0.138 0.818
0.140 0.818
0.142 0.818
0.144 0.818
0.146 0.818
0.148 0.818
0.150 0.818
0.152 0.818
0.154 0.818
0.157 0.818
0.159 0.818
0.161 0.818
0.163 0.818
0.165 0.818
0.167 0.818
0.169 0.818
0.171 0.818
0.174 0.818
0.176 0.818
0.178 0.818
0.180 0.818
0.182 0.818
0.184 0.818
0.186 0.818
0.188 0.818
0.190 0.818
0.193 0.818
0.195 0.818
0.197 0.818
0.199 0.818
0.201 0.818
0.203 0.818
0.205 0.818
0.207 0.818
0.209 0.818
0.212 0.818
0.214 0.818
0.216 0.818
0.218 0.818
0.220 0.818
0.222 0.818
0.224 0.818
0.226 0.818
0.229 0.818
0.231 0.818
0.233 0.818
0.235 0.818
0.237 0.818
0.239 0.818
0.241 0.818
0.243 0.818
0.245 0.818
0.248 0.818
0.250 0.818
0.252 0.818
0.254 0.818
0.256 0.818
0.258 0.818
0.260 0.818
0.262 0.818
0.264 0.818
0.267 0.818
0.269 0.818
0.271 0.818
0.273 0.818
0.275 0.818
0.277 0.818
0.279 0.818
0.281 0.818
0.284 0.818
0.286 0.818
0.288 0.818
0.290 0.818
0.292 0.818
0.294 0.818
0.296 0.818
0.298 0.818
0.300 0.818
0.303 0.818
0.305 0.818
0.307 0.818
0.309 0.818
0.311 0.818
0.313 0.818
0.315 0.818
0.317 0.818
0.320 0.818
0.322 0.818
0.324 0.818
0.326 0.818
0.328 0.818
0.330 0.818
0.332 0.818
0.334 0.818
0.336 0.818
0.339 0.818
0.341 0.818
0.343 0.818
0.345 0.818
0.347 0.818
0.349 0.818
0.351 0.818
0.353 0.818
0.355 0.818
0.358 0.818
0.360 0.818
0.362 0.818
0.364 0.818
0.366 0.818
0.368 0.819
0.370 0.819
0.372 0.819
0.375 0.819
0.377 0.819
0.379 0.819
0.381 0.819
0.383 0.819
0.385 0.819
0.387 0.819
0.389 0.819
0.391 0.819
0.394 0.819
0.396 0.819
0.398 0.819
0.400 0.819
0.402 0.819
0.404 0.819
0.406 0.819
0.408 0.819
0.411 0.819
0.413 0.819
0.415 0.819
0.417 0.819
0.419 0.819
0.421 0.819
0.423 0.819
0.425 0.819
0.427 0.819
0.430 0.819
0.432 0.819
0.434 0.819
0.436 0.819
0.438 0.819
0.440 0.819
0.442 0.819
0.444 0.819
0.446 0.819
0.449 0.819
0.451 0.818
0.453 0.818
0.455 0.818
0.457 0.818
0.459 0.818
0.461 0.818
0.463 0.818
0.466 0.818
0.468 0.818
0.470 0.818
0.472 0.818
0.474 0.818
0.476 0.818
0.478 0.818
0.480 0.818
0.482 0.818
0.485 0.818
0.487 0.818
0.489 0.818
0.491 0.818
0.493 0.818
0.495 0.818
0.497 0.818
0.499 0.818
0.501 0.818
0.504 0.818
0.506 0.818
0.508 0.818
0.510 0.818
0.512 0.818
0.514 0.818
0.516 0.818
0.518 0.818
0.521 0.818
0.523 0.818
0.525 0.818
0.527 0.818
0.529 0.818
0.531 0.818
0.533 0.818
0.535 0.818
0.537 0.818
0.540 0.818
0.542 0.818
0.544 0.818
0.546 0.818
0.548 0.818
0.550 0.818
0.552 0.818
0.554 0.818
0.557 0.818
0.559 0.818
0.561 0.818
0.563 0.818
0.565 0.818
0.567 0.818
0.569 0.818
0.571 0.818
0.573 0.818
0.576 0.818
0.578 0.818
0.580 0.818
0.582 0.818
0.584 0.818
0.586 0.818
0.588 0.818
0.590 0.818
0.592 0.818
0.595 0.818
0.597 0.818
0.599 0.818
0.601 0.818
0.603 0.818
0.605 0.818
0.607 0.818
0.609 0.818
0.612 0.818
0.614 0.818
0.616 0.818
0.618 0.818
0.620 0.818
0.622 0.818
0.624 0.818
0.626 0.818
0.628 0.818
0.631 0.818
0.633 0.818
0.635 0.818
0.637 0.818
0.639 0.818
0.641 0.818
0.643 0.818
0.645 0.818
0.647 0.818
0.650 0.818
0.652 0.818
0.654 0.818
0.656 0.818
0.658 0.818
0.660 0.818
0.662 0.818
0.664 0.818
0.667 0.818
0.669 0.818
0.671 0.818
0.673 0.818
0.675 0.818
0.677 0.818
0.679 0.818
0.681 0.818
0.683 0.818
0.686 0.818
0.688 0.818
0.690 0.818
0.692 0.818
0.694 0.818
0.696 0.818
0.698 0.818
0.700 0.818
0.703 0.818
0.705 0.818
0.707 0.818
0.709 0.818
0.711 0.818
0.713 0.818
0.715 0.818
0.717 0.818
0.719 0.818
0.722 0.818
0.724 0.818
0.726 0.818
0.728 0.818
0.730 0.818
0.732 0.818
0.734 0.818
0.736 0.818
0.738 0.818
0.741 0.818
0.743 0.818
0.745 0.818
0.747 0.818
0.749 0.818
0.751 0.818
0.753 0.818
0.755 0.818
0.758 0.818
0.760 0.818
0.762 0.818
0.764 0.818
0.766 0.818
0.768 0.818
0.770 0.818
0.772 0.818
0.774 0.818
0.777 0.818
0.779 0.818
0.781 0.818
0.783 0.818
0.785 0.818
0.787 0.818
0.789 0.818
0.791 0.818
0.793 0.818
0.796 0.818
0.798 0.818
0.800 0.818
0.802 0.818
0.804 0.818
0.806 0.818
0.808 0.818
0.810 0.818
0.813 0.818
0.815 0.818
0.817 0.818
0.819 0.818
0.821 0.818
0.823 0.818
0.825 0.818
0.827 0.818
0.829 0.818
0.832 0.818
0.834 0.818
0.836 0.818
0.838 0.818
0.840 0.818
0.842 0.818
0.844 0.818
0.846 0.818
0.849 0.818
0.851 0.818
0.853 0.818
0.855 0.818
0.857 0.818
0.859 0.818
0.861 0.818
0.863 0.818
0.865 0.818
0.868 0.818
0.870 0.818
0.872 0.818
0.874 0.818
0.876 0.818
0.878 0.818
0.880 0.818
0.882 0.818
0.884 0.818
0.887 0.818
0.889 0.818
0.891 0.818
0.893 0.818
0.895 0.818
0.897 0.818
0.899 0.818
0.901 0.818
0.904 0.818
0.906 0.818
0.908 0.818
0.910 0.818
0.912 0.818
0.914 0.818
0.916 0.818
0.918 0.818
0.920 0.818
0.923 0.818
0.925 0.818
0.927 0.818
0.929 0.818
0.931 0.818
0.933 0.818
0.935 0.818
0.937 0.818
0.940 0.818
0.942 0.818
0.944 0.818
0.946 0.818
0.948 0.818
0.950 0.818
0.952 0.818
0.954 0.818
0.956 0.818
0.959 0.818
0.961 0.818
0.963 0.818
0.965 0.818
0.967 0.818
0.969 0.818
0.971 0.818
0.973 0.818
0.975 0.818
0.978 0.818
0.980 0.818
0.982 0.818
0.984 0.818
0.986 0.818
0.988 0.818
0.990 0.818
0.992 0.818
0.995 0.818
0.997 0.818
0.999 0.818
1.001 0.818
1.003 0.818
1.005 0.818
1.007 0.818
1.009 0.818
1.011 0.818
1.014 0.818
1.016 0.818
1.018 0.818
1.020 0.818
1.022 0.818
1.024 0.818
1.026 0.818
1.028 0.818
1.030 0.818
1.033 0.818
1.035 0.818
1.037 0.818
1.039 0.818
1.041 0.818
1.043 0.818
1.045 0.818
1.047 0.818
1.050 0.818
1.052 0.818
1.054 0.818
1.056 0.818
