0.000 77.003
0.002 76.991
0.004 76.980
0.006 76.968
0.008 76.956
0.011 76.954
0.013 76.978
0.015 77.002
0.017 77.026
0.019 77.051
0.021 77.070
0.023 77.075
0.025 77.079
0.028 77.084
0.030 77.090
0.032 77.118
0.034 77.150
0.036 77.183
0.038 77.216
0.040 77.259
0.042 77.348
0.044 77.455
0.047 77.561
0.049 77.670
0.051 77.763
0.053 77.821
0.055 77.869
0.057 77.916
0.059 77.963
0.061 78.001
0.063 78.024
0.066 78.039
0.068 78.054
0.070 78.104
0.072 78.272
0.074 78.528
0.076 78.822
0.078 79.153
0.080 79.592
0.083 80.303
0.085 81.157
0.087 82.103
0.089 83.105
0.091 84.250
0.093 85.593
0.095 87.011
0.097 88.478
0.099 89.975
0.102 91.489
0.104 92.961
0.106 94.419
0.108 95.824
0.110 97.151
0.112 98.321
0.114 99.300
0.116 100.191
0.118 101.025
0.121 101.755
0.123 102.356
0.125 102.826
0.127 103.243
0.129 103.606
0.131 103.924
0.133 104.191
0.135 104.420
0.138 104.618
0.140 104.792
0.142 104.946
0.144 105.039
0.146 105.118
0.148 105.185
0.150 105.230
0.152 105.239
0.154 105.222
0.157 105.198
0.159 105.160
0.161 105.119
0.163 105.084
0.165 105.055
0.167 105.023
0.169 104.978
0.171 104.966
0.174 104.964
0.176 104.965
0.178 104.971
0.180 105.007
0.182 105.040
0.184 105.088
0.186 105.142
0.188 105.213
0.190 105.313
0.193 105.424
0.195 105.593
0.197 105.770
0.199 105.959
0.201 106.168
0.203 106.377
0.205 106.614
0.207 106.853
0.209 107.078
0.212 107.320
0.214 107.544
0.216 107.747
0.218 107.942
0.220 108.123
0.222 108.294
0.224 108.449
0.226 108.595
0.229 108.749
0.231 108.893
0.233 109.032
0.235 109.166
0.237 109.297
0.239 109.439
0.241 109.585
0.243 109.745
0.245 109.938
0.248 110.132
0.250 110.332
0.252 110.558
0.254 110.781
0.256 111.015
0.258 111.260
0.260 111.497
0.262 111.724
0.264 111.947
0.267 112.164
0.269 112.360
0.271 112.556
0.273 112.758
0.275 112.953
0.277 113.135
0.279 113.319
0.281 113.505
0.284 113.689
0.286 113.883
0.288 114.086
0.290 114.282
0.292 114.475
0.294 114.655
0.296 114.824
0.298 114.987
0.300 115.140
0.303 115.282
0.305 115.427
0.307 115.541
0.309 115.657
0.311 115.777
0.313 115.901
0.315 116.025
0.317 116.156
0.320 116.286
0.322 116.421
0.324 116.545
0.326 116.666
0.328 116.765
0.330 116.858
0.332 116.947
0.334 117.027
0.336 117.073
0.339 117.089
0.341 117.084
0.343 117.074
0.345 117.064
0.347 116.975
0.349 116.862
0.351 116.719
0.353 116.568
0.355 116.397
0.358 116.060
0.360 115.690
0.362 115.300
0.364 114.882
0.366 114.395
0.368 113.752
0.370 113.044
0.372 112.325
0.375 111.594
0.377 110.810
0.379 109.884
0.381 108.890
0.383 107.907
0.385 106.995
0.387 106.227
0.389 105.473
0.391 104.710
0.394 104.000
0.396 103.374
0.398 103.131
0.400 103.104
0.402 103.111
0.404 103.105
0.406 103.117
0.408 103.374
0.411 103.869
0.413 104.360
0.415 104.815
0.417 105.216
0.419 105.532
0.421 105.798
0.423 106.073
0.425 106.362
0.427 106.632
0.430 106.821
0.432 106.945
0.434 107.062
0.436 107.187
0.438 107.345
0.440 107.558
0.442 107.783
0.444 107.968
0.446 108.133
0.449 108.257
0.451 108.392
0.453 108.526
0.455 108.625
0.457 108.691
0.459 108.676
0.461 108.611
0.463 108.532
0.466 108.436
0.468 108.321
0.470 108.181
0.472 108.026
0.474 107.868
0.476 107.708
0.478 107.545
0.480 107.385
0.482 107.229
0.485 107.080
0.487 106.937
0.489 106.787
0.491 106.634
0.493 106.483
0.495 106.331
0.497 106.178
0.499 106.026
0.501 105.882
0.504 105.736
0.506 105.594
0.508 105.455
0.510 105.334
0.512 105.213
0.514 105.100
0.516 104.994
0.518 104.889
0.521 104.786
0.523 104.682
0.525 104.588
0.527 104.494
0.529 104.398
0.531 104.299
0.533 104.198
0.535 104.091
0.537 103.983
0.540 103.861
0.542 103.735
0.544 103.602
0.546 103.456
0.548 103.306
0.550 103.146
0.552 102.985
0.554 102.810
0.557 102.631
0.559 102.453
0.561 102.260
0.563 102.065
0.565 101.872
0.567 101.678
0.569 101.476
0.571 101.264
0.573 101.053
0.576 100.843
0.578 100.633
0.580 100.425
0.582 100.219
0.584 100.015
0.586 99.810
0.588 99.603
0.590 99.401
0.592 99.196
0.595 98.984
0.597 98.771
0.599 98.557
0.601 98.340
0.603 98.134
0.605 97.939
0.607 97.750
0.609 97.557
0.612 97.365
0.614 97.183
0.616 96.999
0.618 96.816
0.620 96.637
0.622 96.444
0.624 96.249
0.626 96.051
0.628 95.852
0.631 95.654
0.633 95.457
0.635 95.262
0.637 95.069
0.639 94.877
0.641 94.710
0.643 94.556
0.645 94.402
0.647 94.248
0.650 94.097
0.652 93.946
0.654 93.794
0.656 93.641
0.658 93.489
0.660 93.339
0.662 93.189
0.664 93.040
0.667 92.893
0.669 92.746
0.671 92.601
0.673 92.453
0.675 92.308
0.677 92.163
0.679 92.020
0.681 91.881
0.683 91.747
0.686 91.612
0.688 91.476
0.690 91.341
0.692 91.212
0.694 91.083
0.696 90.954
0.698 90.826
0.700 90.699
0.703 90.572
0.705 90.446
0.707 90.321
0.709 90.197
0.711 90.073
0.713 89.946
0.715 89.818
0.717 89.689
0.719 89.561
0.722 89.435
0.724 89.312
0.726 89.189
0.728 89.068
0.730 88.948
0.732 88.837
0.734 88.734
0.736 88.630
0.738 88.526
0.741 88.424
0.743 88.325
0.745 88.223
0.747 88.125
0.749 88.029
0.751 87.921
0.753 87.806
0.755 87.690
0.758 87.573
0.760 87.456
0.762 87.344
0.764 87.235
0.766 87.130
0.768 87.025
0.770 86.922
0.772 86.832
0.774 86.747
0.777 86.663
0.779 86.581
0.781 86.496
0.783 86.408
0.785 86.320
0.787 86.235
0.789 86.151
0.791 86.067
0.793 85.985
0.796 85.903
0.798 85.822
0.800 85.742
0.802 85.668
0.804 85.592
0.806 85.518
0.808 85.444
0.810 85.371
0.813 85.299
0.815 85.229
0.817 85.158
0.819 85.082
0.821 85.004
0.823 84.926
0.825 84.846
0.827 84.769
0.829 84.697
0.832 84.627
0.834 84.561
0.836 84.499
0.838 84.437
0.840 84.377
0.842 84.319
0.844 84.267
0.846 84.217
0.849 84.173
0.851 84.131
0.853 84.088
0.855 84.046
0.857 84.009
0.859 83.978
0.861 83.951
0.863 83.929
0.865 83.924
0.868 83.920
0.870 83.923
0.872 83.928
0.874 83.934
0.876 83.945
0.878 83.961
0.880 83.981
0.882 84.001
0.884 84.020
0.887 84.038
0.889 84.051
0.891 84.063
0.893 84.069
0.895 84.067
0.897 84.059
0.899 84.045
0.901 84.028
0.904 84.007
0.906 83.967
0.908 83.919
0.910 83.859
0.912 83.789
0.914 83.715
0.916 83.631
0.918 83.539
0.920 83.444
0.923 83.353
0.925 83.257
0.927 83.153
0.929 83.042
0.931 82.927
0.933 82.806
0.935 82.677
0.937 82.545
0.940 82.418
0.942 82.289
0.944 82.160
0.946 82.033
0.948 81.911
0.950 81.791
0.952 81.677
0.954 81.565
0.956 81.475
0.959 81.397
0.961 81.322
0.963 81.251
0.965 81.183
0.967 81.108
0.969 81.027
0.971 80.946
0.973 80.864
0.975 80.782
0.978 80.693
0.980 80.597
0.982 80.497
0.984 80.394
0.986 80.284
0.988 80.163
0.990 80.044
0.992 79.924
0.995 79.800
0.997 79.676
0.999 79.553
1.001 79.430
1.003 79.307
1.005 79.186
1.007 79.076
1.009 78.973
1.011 78.875
1.014 78.777
1.016 78.677
1.018 78.575
1.020 78.477
1.022 78.380
1.024 78.282
1.026 78.186
1.028 78.080
1.030 77.972
1.033 77.864
1.035 77.756
1.037 77.652
1.039 77.552
1.041 77.453
1.043 77.353
1.045 77.254
1.047 77.173
1.050 77.103
1.052 77.032
1.054 76.962
1.056 76.891
