0.000 63.309
0.002 63.349
0.004 63.390
0.006 63.431
0.008 63.472
0.011 63.548
0.013 63.740
0.015 63.933
0.017 64.125
0.019 64.318
0.021 64.566
0.023 64.870
0.025 65.174
0.028 65.478
0.030 65.789
0.032 66.108
0.034 66.402
0.036 66.695
0.038 66.989
0.040 67.280
0.042 67.523
0.044 67.755
0.047 67.988
0.049 68.222
0.051 68.447
0.053 68.645
0.055 68.838
0.057 69.029
0.059 69.211
0.061 69.379
0.063 69.527
0.066 69.672
0.068 69.814
0.070 69.949
0.072 70.067
0.074 70.183
0.076 70.293
0.078 70.416
0.080 70.580
0.083 70.860
0.085 71.208
0.087 71.593
0.089 72.001
0.091 72.519
0.093 73.208
0.095 73.972
0.097 74.788
0.099 75.628
0.102 76.525
0.104 77.472
0.106 78.437
0.108 79.409
0.110 80.372
0.112 81.295
0.114 82.154
0.116 82.975
0.118 83.772
0.121 84.489
0.123 85.121
0.125 85.679
0.127 86.192
0.129 86.669
0.131 87.089
0.133 87.420
0.135 87.708
0.138 87.957
0.140 88.193
0.142 88.413
0.144 88.595
0.146 88.769
0.148 88.930
0.150 89.088
0.152 89.239
0.154 89.377
0.157 89.509
0.159 89.636
0.161 89.757
0.163 89.882
0.165 90.009
0.167 90.132
0.169 90.254
0.171 90.374
0.174 90.498
0.176 90.625
0.178 90.753
0.180 90.891
0.182 91.036
0.184 91.194
0.186 91.361
0.188 91.527
0.190 91.699
0.193 91.868
0.195 92.028
0.197 92.188
0.199 92.351
0.201 92.516
0.203 92.685
0.205 92.856
0.207 93.027
0.209 93.202
0.212 93.371
0.214 93.534
0.216 93.704
0.218 93.872
0.220 94.038
0.222 94.203
0.224 94.363
0.226 94.514
0.229 94.659
0.231 94.806
0.233 94.956
0.235 95.103
0.237 95.257
0.239 95.418
0.241 95.586
0.243 95.765
0.245 95.962
0.248 96.175
0.250 96.401
0.252 96.634
0.254 96.874
0.256 97.118
0.258 97.363
0.260 97.613
0.262 97.865
0.264 98.124
0.267 98.397
0.269 98.670
0.271 98.940
0.273 99.212
0.275 99.481
0.277 99.741
0.279 99.990
0.281 100.235
0.284 100.474
0.286 100.694
0.288 100.895
0.290 101.087
0.292 101.273
0.294 101.458
0.296 101.623
0.298 101.787
0.300 101.944
0.303 102.095
0.305 102.240
0.307 102.389
0.309 102.533
0.311 102.676
0.313 102.815
0.315 102.951
0.317 103.080
0.320 103.209
0.322 103.341
0.324 103.468
0.326 103.593
0.328 103.701
0.330 103.800
0.332 103.883
0.334 103.958
0.336 104.003
0.339 104.018
0.341 104.024
0.343 104.029
0.345 104.034
0.347 103.964
0.349 103.874
0.351 103.765
0.353 103.645
0.355 103.506
0.358 103.224
0.360 102.909
0.362 102.572
0.364 102.216
0.366 101.792
0.368 101.230
0.370 100.603
0.372 99.966
0.375 99.309
0.377 98.556
0.379 97.664
0.381 96.717
0.383 95.769
0.385 94.845
0.387 93.919
0.389 92.921
0.391 91.902
0.394 90.913
0.396 90.003
0.398 89.271
0.400 88.604
0.402 87.948
0.404 87.316
0.406 86.756
0.408 86.427
0.411 86.260
0.413 86.094
0.415 85.912
0.417 85.755
0.419 85.667
0.421 85.626
0.423 85.581
0.425 85.520
0.427 85.439
0.430 85.332
0.432 85.205
0.434 85.074
0.436 84.928
0.438 84.766
0.440 84.583
0.442 84.388
0.444 84.194
0.446 83.997
0.449 83.798
0.451 83.600
0.453 83.399
0.455 83.197
0.457 82.991
0.459 82.782
0.461 82.583
0.463 82.390
0.466 82.196
0.468 81.997
0.470 81.780
0.472 81.561
0.474 81.345
0.476 81.133
0.478 80.921
0.480 80.710
0.482 80.491
0.485 80.267
0.487 80.045
0.489 79.834
0.491 79.633
0.493 79.437
0.495 79.252
0.497 79.070
0.499 78.883
0.501 78.699
0.504 78.516
0.506 78.341
0.508 78.167
0.510 78.012
0.512 77.863
0.514 77.722
0.516 77.586
0.518 77.456
0.521 77.342
0.523 77.229
0.525 77.128
0.527 77.031
0.529 76.942
0.531 76.862
0.533 76.781
0.535 76.712
0.537 76.643
0.540 76.586
0.542 76.533
0.544 76.476
0.546 76.419
0.548 76.362
0.550 76.289
0.552 76.216
0.554 76.137
0.557 76.058
0.559 75.979
0.561 75.896
0.563 75.814
0.565 75.731
0.567 75.638
0.569 75.544
0.571 75.449
0.573 75.353
0.576 75.253
0.578 75.155
0.580 75.054
0.582 74.953
0.584 74.855
0.586 74.762
0.588 74.670
0.590 74.576
0.592 74.480
0.595 74.391
0.597 74.306
0.599 74.223
0.601 74.144
0.603 74.061
0.605 73.977
0.607 73.895
0.609 73.821
0.612 73.754
0.614 73.696
0.616 73.643
0.618 73.591
0.620 73.539
0.622 73.495
0.624 73.452
0.626 73.409
0.628 73.365
0.631 73.324
0.633 73.285
0.635 73.239
0.637 73.189
0.639 73.143
0.641 73.106
0.643 73.073
0.645 73.046
0.647 73.018
0.650 72.989
0.652 72.944
0.654 72.895
0.656 72.847
0.658 72.799
0.660 72.751
0.662 72.701
0.664 72.650
0.667 72.598
0.669 72.545
0.671 72.486
0.673 72.422
0.675 72.355
0.677 72.286
0.679 72.215
0.681 72.139
0.683 72.064
0.686 71.989
0.688 71.915
0.690 71.838
0.692 71.764
0.694 71.690
0.696 71.616
0.698 71.541
0.700 71.466
0.703 71.384
0.705 71.302
0.707 71.222
0.709 71.149
0.711 71.079
0.713 71.009
0.715 70.939
0.717 70.869
0.719 70.794
0.722 70.718
0.724 70.643
0.726 70.569
0.728 70.494
0.730 70.421
0.732 70.348
0.734 70.274
0.736 70.200
0.738 70.128
0.741 70.058
0.743 69.994
0.745 69.930
0.747 69.863
0.749 69.795
0.751 69.727
0.753 69.662
0.755 69.602
0.758 69.544
0.760 69.483
0.762 69.421
0.764 69.355
0.766 69.291
0.768 69.227
0.770 69.166
0.772 69.107
0.774 69.045
0.777 68.982
0.779 68.915
0.781 68.847
0.783 68.779
0.785 68.711
0.787 68.639
0.789 68.567
0.791 68.492
0.793 68.419
0.796 68.352
0.798 68.290
0.800 68.230
0.802 68.172
0.804 68.111
0.806 68.049
0.808 67.986
0.810 67.928
0.813 67.874
0.815 67.827
0.817 67.779
0.819 67.732
0.821 67.682
0.823 67.631
0.825 67.584
0.827 67.540
0.829 67.498
0.832 67.454
0.834 67.409
0.836 67.362
0.838 67.314
0.840 67.265
0.842 67.218
0.844 67.176
0.846 67.134
0.849 67.091
0.851 67.056
0.853 67.021
0.855 66.984
0.857 66.948
0.859 66.917
0.861 66.888
0.863 66.862
0.865 66.846
0.868 66.832
0.870 66.820
0.872 66.807
0.874 66.790
0.876 66.768
0.878 66.745
0.880 66.717
0.882 66.688
0.884 66.657
0.887 66.625
0.889 66.586
0.891 66.541
0.893 66.497
0.895 66.447
0.897 66.395
0.899 66.352
0.901 66.314
0.904 66.275
0.906 66.233
0.908 66.185
0.910 66.129
0.912 66.061
0.914 65.994
0.916 65.927
0.918 65.853
0.920 65.778
0.923 65.703
0.925 65.627
0.927 65.548
0.929 65.471
0.931 65.394
0.933 65.320
0.935 65.248
0.937 65.178
0.940 65.116
0.942 65.060
0.944 65.012
0.946 64.978
0.948 64.971
0.950 64.983
0.952 64.994
0.954 65.010
0.956 65.028
0.959 65.037
0.961 65.043
0.963 65.055
0.965 65.075
0.967 65.100
0.969 65.127
0.971 65.149
0.973 65.169
0.975 65.178
0.978 65.167
0.980 65.147
0.982 65.122
0.984 65.094
0.986 65.061
0.988 64.996
0.990 64.923
0.992 64.844
0.995 64.762
0.997 64.680
0.999 64.598
1.001 64.522
1.003 64.445
1.005 64.365
1.007 64.282
1.009 64.207
1.011 64.134
1.014 64.060
1.016 63.980
1.018 63.913
1.020 63.853
1.022 63.794
1.024 63.735
1.026 63.678
1.028 63.634
1.030 63.588
1.033 63.543
1.035 63.498
1.037 63.464
1.039 63.430
1.041 63.396
1.043 63.363
1.045 63.329
1.047 63.294
1.050 63.258
1.052 63.222
1.054 63.186
1.056 63.150
