time /s	 Tra 3	Err 3	 Tra 1	Err 1	 Tra 2	Err 2	 Tra 4	Err 4
0.000	0.549	0.007	80.931	3.537	23.864	3.318	0.000	0.000
0.002	0.549	0.007	80.850	3.493	23.913	3.349	0.000	0.000
0.003	0.549	0.007	80.770	3.451	23.962	3.379	0.000	0.000
0.005	0.549	0.007	80.690	3.413	24.011	3.411	0.000	0.000
0.006	0.549	0.007	80.610	3.378	24.061	3.442	0.000	0.000
0.008	0.549	0.007	80.530	3.346	24.110	3.475	0.000	0.000
0.009	0.549	0.007	80.450	3.318	24.159	3.507	0.000	0.000
0.011	0.549	0.007	80.357	3.290	24.214	3.536	0.000	0.000
0.013	0.549	0.007	80.255	3.268	24.273	3.564	0.000	0.000
0.014	0.549	0.007	80.154	3.252	24.332	3.592	0.000	0.000
0.016	0.549	0.007	80.052	3.239	24.393	3.631	0.000	0.000
0.017	0.549	0.007	79.953	3.226	24.465	3.707	0.000	0.000
0.019	0.549	0.007	79.853	3.219	24.536	3.784	0.000	0.000
0.020	0.549	0.007	79.759	3.219	24.611	3.863	0.000	0.000
0.022	0.549	0.007	79.672	3.216	24.697	3.945	0.000	0.000
0.024	0.549	0.007	79.590	3.209	24.782	4.027	0.000	0.000
0.025	0.549	0.007	79.507	3.204	24.867	4.110	0.000	0.000
0.027	0.549	0.008	79.425	3.201	24.952	4.193	0.000	0.000
0.028	0.549	0.008	79.343	3.200	25.038	4.278	0.000	0.000
0.030	0.549	0.008	79.248	3.190	25.119	4.362	0.000	0.000
0.032	0.549	0.008	79.160	3.166	25.204	4.468	0.000	0.000
0.033	0.549	0.008	79.078	3.132	25.299	4.601	0.000	0.000
0.035	0.549	0.007	78.997	3.099	25.395	4.733	0.000	0.000
0.036	0.549	0.007	78.915	3.068	25.491	4.867	0.000	0.000
0.038	0.549	0.007	78.834	3.038	25.587	5.001	0.000	0.000
0.039	0.549	0.007	78.732	3.002	25.706	5.130	0.000	0.000
0.041	0.549	0.007	78.613	2.958	25.838	5.256	0.000	0.000
0.043	0.549	0.008	78.498	2.917	25.967	5.381	0.000	0.000
0.044	0.549	0.008	78.384	2.877	26.095	5.508	0.000	0.000
0.046	0.549	0.008	78.270	2.841	26.222	5.635	0.000	0.000
0.047	0.549	0.008	78.158	2.806	26.345	5.744	0.000	0.000
0.049	0.549	0.008	78.054	2.772	26.466	5.842	0.000	0.000
0.050	0.549	0.008	77.964	2.743	26.589	5.938	0.000	0.000
0.052	0.549	0.008	77.873	2.713	26.710	6.036	0.000	0.000
0.054	0.549	0.008	77.780	2.688	26.832	6.133	0.000	0.000
0.055	0.550	0.008	77.684	2.670	26.956	6.229	0.000	0.000
0.057	0.550	0.008	77.589	2.655	27.081	6.326	0.000	0.000
0.058	0.550	0.008	77.493	2.636	27.199	6.425	0.000	0.000
0.060	0.550	0.008	77.402	2.613	27.319	6.523	0.000	0.000
0.061	0.550	0.008	77.315	2.593	27.447	6.620	0.000	0.000
0.063	0.550	0.008	77.233	2.570	27.573	6.697	0.000	0.000
0.065	0.550	0.008	77.153	2.550	27.696	6.772	0.000	0.000
0.066	0.550	0.008	77.074	2.535	27.817	6.848	0.000	0.000
0.068	0.550	0.008	76.996	2.528	27.939	6.923	0.000	0.000
0.069	0.550	0.008	76.911	2.531	28.061	6.997	0.000	0.000
0.071	0.550	0.008	76.819	2.540	28.178	7.072	0.000	0.000
0.073	0.550	0.008	76.727	2.554	28.297	7.146	0.000	0.000
0.074	0.550	0.008	76.634	2.575	28.415	7.220	0.000	0.000
0.076	0.550	0.007	76.547	2.590	28.533	7.294	0.000	0.000
0.077	0.550	0.007	76.467	2.615	28.658	7.368	0.000	0.000
0.079	0.550	0.007	76.412	2.677	28.795	7.460	0.000	0.000
0.080	0.550	0.008	76.356	2.752	28.930	7.554	0.000	0.000
0.082	0.550	0.008	76.300	2.836	29.072	7.646	0.000	0.000
0.084	0.550	0.008	76.246	2.934	29.214	7.738	0.000	0.000
0.085	0.550	0.008	76.191	3.042	29.356	7.831	0.000	0.000
0.087	0.550	0.008	76.136	3.161	29.500	7.924	0.000	0.000
0.088	0.549	0.008	76.085	3.279	29.658	8.013	0.000	0.000
0.090	0.549	0.008	76.034	3.406	29.820	8.098	0.000	0.000
0.091	0.549	0.008	75.983	3.541	29.978	8.182	0.000	0.000
0.093	0.549	0.008	75.938	3.698	30.129	8.261	0.000	0.000
0.095	0.549	0.008	75.904	3.895	30.277	8.328	0.000	0.000
0.096	0.549	0.008	75.867	4.101	30.426	8.394	0.000	0.000
0.098	0.549	0.008	75.825	4.311	30.566	8.457	0.000	0.000
0.099	0.549	0.008	75.780	4.524	30.706	8.515	0.000	0.000
0.101	0.549	0.008	75.731	4.747	30.837	8.575	0.000	0.000
0.102	0.549	0.008	75.685	4.976	30.964	8.636	0.000	0.000
0.104	0.549	0.008	75.642	5.207	31.087	8.697	0.000	0.000
0.106	0.549	0.008	75.598	5.443	31.215	8.756	0.000	0.000
0.107	0.549	0.008	75.551	5.686	31.344	8.815	0.000	0.000
0.109	0.549	0.008	75.496	5.891	31.464	8.857	0.000	0.000
0.110	0.549	0.008	75.435	6.059	31.581	8.885	0.000	0.000
0.112	0.549	0.008	75.370	6.229	31.699	8.913	0.000	0.000
0.114	0.549	0.008	75.302	6.400	31.815	8.943	0.000	0.000
0.115	0.549	0.008	75.236	6.572	31.930	8.972	0.000	0.000
0.117	0.549	0.008	75.159	6.749	32.039	9.005	0.000	0.000
0.118	0.549	0.008	75.087	6.925	32.135	9.044	0.000	0.000
0.120	0.549	0.008	75.013	7.102	32.228	9.084	0.000	0.000
0.121	0.549	0.008	74.939	7.278	32.319	9.125	0.000	0.000
0.123	0.549	0.008	74.863	7.455	32.409	9.167	0.000	0.000
0.125	0.549	0.008	74.767	7.544	32.491	9.190	0.000	0.000
0.126	0.549	0.008	74.654	7.600	32.557	9.207	0.000	0.000
0.128	0.549	0.008	74.539	7.657	32.623	9.224	0.000	0.000
0.129	0.549	0.008	74.420	7.714	32.687	9.243	0.000	0.000
0.131	0.549	0.008	74.304	7.769	32.744	9.264	0.000	0.000
0.132	0.549	0.008	74.189	7.824	32.799	9.286	0.000	0.000
0.134	0.549	0.008	74.074	7.879	32.862	9.307	0.000	0.000
0.136	0.549	0.008	73.956	7.931	32.916	9.329	0.000	0.000
0.137	0.549	0.008	73.840	7.982	32.963	9.353	0.000	0.000
0.139	0.549	0.008	73.722	8.034	33.005	9.379	0.000	0.000
0.140	0.549	0.008	73.602	8.072	33.045	9.401	0.000	0.000
0.142	0.549	0.008	73.483	8.109	33.084	9.424	0.000	0.000
0.143	0.549	0.008	73.364	8.145	33.115	9.448	0.000	0.000
0.145	0.549	0.008	73.251	8.179	33.139	9.473	0.000	0.000
0.147	0.549	0.008	73.138	8.213	33.162	9.498	0.000	0.000
0.148	0.549	0.008	73.026	8.246	33.187	9.523	0.000	0.000
0.150	0.549	0.008	72.916	8.279	33.211	9.547	0.000	0.000
0.151	0.549	0.008	72.808	8.312	33.235	9.571	0.000	0.000
0.153	0.549	0.008	72.696	8.345	33.251	9.596	0.000	0.000
0.154	0.549	0.008	72.589	8.378	33.261	9.619	0.000	0.000
0.156	0.549	0.008	72.488	8.415	33.265	9.629	0.000	0.000
0.158	0.549	0.008	72.393	8.451	33.269	9.640	0.000	0.000
0.159	0.549	0.008	72.299	8.487	33.272	9.651	0.000	0.000
0.161	0.549	0.008	72.210	8.521	33.275	9.661	0.000	0.000
0.162	0.549	0.008	72.121	8.554	33.274	9.672	0.000	0.000
0.164	0.549	0.008	72.034	8.587	33.266	9.684	0.000	0.000
0.166	0.549	0.008	71.947	8.621	33.252	9.697	0.000	0.000
0.167	0.549	0.008	71.863	8.655	33.230	9.713	0.000	0.000
0.169	0.549	0.008	71.779	8.690	33.206	9.730	0.000	0.000
0.170	0.549	0.008	71.693	8.709	33.184	9.744	0.000	0.000
0.172	0.549	0.008	71.603	8.702	33.160	9.754	0.000	0.000
0.173	0.549	0.008	71.518	8.695	33.133	9.764	0.000	0.000
0.175	0.549	0.008	71.434	8.686	33.101	9.776	0.000	0.000
0.177	0.549	0.008	71.345	8.679	33.069	9.788	0.000	0.000
0.178	0.549	0.008	71.257	8.672	33.039	9.798	0.000	0.000
0.180	0.549	0.008	71.169	8.666	33.010	9.809	0.000	0.000
0.181	0.549	0.008	71.085	8.658	32.981	9.819	0.000	0.000
0.183	0.549	0.008	71.008	8.649	32.961	9.827	0.000	0.000
0.184	0.549	0.008	70.938	8.637	32.952	9.833	0.000	0.000
0.186	0.549	0.008	70.864	8.612	32.947	9.831	0.000	0.000
0.188	0.549	0.008	70.790	8.579	32.940	9.827	0.000	0.000
0.189	0.549	0.008	70.716	8.546	32.931	9.822	0.000	0.000
0.191	0.549	0.008	70.641	8.513	32.921	9.819	0.000	0.000
0.192	0.549	0.008	70.571	8.479	32.915	9.814	0.000	0.000
0.194	0.549	0.008	70.510	8.442	32.920	9.807	0.000	0.000
0.195	0.549	0.008	70.447	8.405	32.926	9.800	0.000	0.000
0.197	0.549	0.008	70.383	8.367	32.932	9.793	0.000	0.000
0.199	0.549	0.008	70.322	8.330	32.939	9.786	0.000	0.000
0.200	0.549	0.008	70.261	8.293	32.951	9.779	0.000	0.000
0.202	0.549	0.008	70.206	8.271	32.965	9.771	0.000	0.000
0.203	0.549	0.008	70.154	8.252	32.985	9.762	0.000	0.000
0.205	0.549	0.008	70.105	8.232	33.003	9.753	0.000	0.000
0.207	0.549	0.008	70.057	8.211	33.019	9.744	0.000	0.000
0.208	0.549	0.008	70.011	8.191	33.035	9.736	0.000	0.000
0.210	0.549	0.008	69.965	8.170	33.051	9.727	0.000	0.000
0.211	0.549	0.008	69.920	8.150	33.066	9.719	0.000	0.000
0.213	0.549	0.008	69.873	8.133	33.082	9.711	0.000	0.000
0.214	0.549	0.008	69.826	8.116	33.097	9.702	0.000	0.000
0.216	0.549	0.008	69.783	8.099	33.114	9.693	0.000	0.000
0.218	0.549	0.008	69.750	8.106	33.135	9.698	0.000	0.000
0.219	0.549	0.008	69.718	8.114	33.156	9.703	0.000	0.000
0.221	0.549	0.008	69.684	8.123	33.178	9.707	0.000	0.000
0.222	0.549	0.008	69.649	8.133	33.198	9.712	0.000	0.000
0.224	0.549	0.008	69.615	8.143	33.220	9.716	0.000	0.000
0.225	0.549	0.008	69.585	8.152	33.247	9.718	0.000	0.000
0.227	0.549	0.008	69.554	8.161	33.279	9.719	0.000	0.000
0.229	0.549	0.008	69.522	8.170	33.315	9.719	0.000	0.000
0.230	0.549	0.008	69.494	8.178	33.353	9.719	0.000	0.000
0.232	0.549	0.008	69.467	8.187	33.394	9.714	0.000	0.000
0.233	0.549	0.008	69.439	8.204	33.434	9.700	0.000	0.000
0.235	0.549	0.008	69.413	8.220	33.478	9.686	0.000	0.000
0.236	0.549	0.008	69.389	8.236	33.522	9.672	0.000	0.000
0.238	0.549	0.008	69.366	8.252	33.563	9.658	0.000	0.000
0.240	0.549	0.008	69.344	8.268	33.607	9.644	0.000	0.000
0.241	0.549	0.008	69.318	8.283	33.656	9.630	0.000	0.000
0.243	0.549	0.008	69.291	8.299	33.707	9.615	0.000	0.000
0.244	0.549	0.008	69.264	8.316	33.769	9.600	0.000	0.000
0.246	0.549	0.008	69.239	8.333	33.831	9.585	0.000	0.000
0.248	0.549	0.008	69.214	8.355	33.901	9.570	0.000	0.000
0.249	0.549	0.008	69.191	8.385	33.974	9.554	0.000	0.000
0.251	0.549	0.008	69.181	8.410	34.067	9.536	0.000	0.000
0.252	0.549	0.008	69.173	8.433	34.160	9.518	0.000	0.000
0.254	0.549	0.008	69.168	8.456	34.270	9.502	0.000	0.000
0.255	0.549	0.008	69.163	8.480	34.384	9.488	0.000	0.000
0.257	0.549	0.008	69.162	8.506	34.524	9.473	0.000	0.000
0.259	0.549	0.008	69.161	8.531	34.667	9.460	0.000	0.000
0.260	0.549	0.008	69.180	8.552	34.849	9.445	0.000	0.000
0.262	0.549	0.008	69.205	8.572	35.046	9.432	0.000	0.000
0.263	0.549	0.008	69.239	8.574	35.267	9.425	0.000	0.000
0.265	0.549	0.008	69.277	8.569	35.500	9.423	0.000	0.000
0.266	0.549	0.008	69.320	8.565	35.750	9.427	0.000	0.000
0.268	0.549	0.008	69.366	8.561	36.014	9.437	0.000	0.000
0.270	0.549	0.008	69.430	8.554	36.336	9.437	0.000	0.000
0.271	0.549	0.008	69.509	8.546	36.699	9.434	0.000	0.000
0.273	0.549	0.008	69.593	8.540	37.076	9.439	0.000	0.000
0.274	0.549	0.008	69.684	8.538	37.476	9.452	0.000	0.000
0.276	0.549	0.008	69.778	8.537	37.879	9.475	0.000	0.000
0.277	0.549	0.008	69.891	8.541	38.304	9.503	0.000	0.000
0.279	0.549	0.008	70.026	8.556	38.785	9.516	0.000	0.000
0.281	0.549	0.008	70.185	8.574	39.333	9.517	0.000	0.000
0.282	0.549	0.008	70.349	8.598	39.887	9.526	0.000	0.000
0.284	0.549	0.008	70.534	8.627	40.450	9.539	0.000	0.000
0.285	0.549	0.008	70.723	8.660	41.017	9.561	0.000	0.000
0.287	0.549	0.008	70.928	8.698	41.591	9.595	0.000	0.000
0.288	0.549	0.008	71.166	8.731	42.210	9.619	0.000	0.000
0.290	0.549	0.008	71.472	8.764	42.869	9.636	0.000	0.000
0.292	0.549	0.008	71.794	8.810	43.532	9.662	0.000	0.000
0.293	0.549	0.008	72.156	8.876	44.211	9.686	0.000	0.000
0.295	0.549	0.008	72.522	8.944	44.910	9.710	0.000	0.000
0.296	0.549	0.008	72.897	9.022	45.626	9.729	0.000	0.000
0.298	0.549	0.008	73.310	9.108	46.345	9.750	0.000	0.000
0.300	0.549	0.008	73.786	9.192	47.071	9.767	0.000	0.000
0.301	0.549	0.008	74.282	9.299	47.795	9.788	0.000	0.000
0.303	0.549	0.008	74.817	9.450	48.536	9.780	0.000	0.000
0.304	0.549	0.008	75.364	9.616	49.295	9.766	0.000	0.000
0.306	0.549	0.008	75.932	9.800	50.069	9.728	0.000	0.000
0.307	0.549	0.008	76.556	10.009	50.840	9.680	0.000	0.000
0.309	0.549	0.008	77.267	10.217	51.596	9.628	0.000	0.000
0.311	0.549	0.008	77.976	10.407	52.345	9.572	0.000	0.000
0.312	0.549	0.008	78.684	10.578	53.091	9.490	0.000	0.000
0.314	0.549	0.008	79.411	10.754	53.821	9.398	0.000	0.000
0.315	0.549	0.008	80.163	10.945	54.547	9.300	0.000	0.000
0.317	0.549	0.008	80.969	11.150	55.266	9.195	0.000	0.000
0.318	0.549	0.008	81.917	11.357	55.953	9.080	0.000	0.000
0.320	0.549	0.008	82.861	11.494	56.625	8.956	0.000	0.000
0.322	0.549	0.008	83.801	11.574	57.284	8.806	0.000	0.000
0.323	0.549	0.008	84.751	11.647	57.943	8.644	0.000	0.000
0.325	0.550	0.008	85.717	11.742	58.608	8.482	0.000	0.000
0.326	0.550	0.008	86.667	11.831	59.268	8.312	0.000	0.000
0.328	0.549	0.008	87.611	11.847	59.887	8.130	0.000	0.000
0.329	0.549	0.008	88.542	11.862	60.492	7.942	0.000	0.000
0.331	0.549	0.008	89.505	11.827	61.080	7.751	0.000	0.000
0.333	0.549	0.008	90.478	11.782	61.659	7.562	0.000	0.000
0.334	0.549	0.008	91.431	11.741	62.230	7.377	0.000	0.000
0.336	0.549	0.008	92.340	11.674	62.786	7.186	0.000	0.000
0.337	0.549	0.008	93.056	11.537	63.254	6.961	0.000	0.000
0.339	0.549	0.008	93.714	11.367	63.711	6.733	0.000	0.000
0.341	0.549	0.008	94.327	11.163	64.148	6.514	0.000	0.000
0.342	0.549	0.008	94.965	10.854	64.566	6.311	0.000	0.000
0.344	0.549	0.008	95.602	10.529	64.973	6.105	0.000	0.000
0.345	0.549	0.008	96.234	10.166	65.361	5.896	0.000	0.000
0.347	0.549	0.008	96.662	9.729	65.694	5.678	0.000	0.000
0.348	0.549	0.008	97.077	9.298	66.021	5.460	0.000	0.000
0.350	0.549	0.008	97.459	8.848	66.330	5.243	0.000	0.000
0.352	0.549	0.008	97.824	8.329	66.614	5.041	0.000	0.000
0.353	0.549	0.008	98.178	7.825	66.889	4.853	0.000	0.000
0.355	0.549	0.008	98.533	7.291	67.164	4.672	0.000	0.000
0.356	0.549	0.008	98.833	6.705	67.415	4.498	0.000	0.000
0.358	0.549	0.008	99.120	6.128	67.662	4.326	0.000	0.000
0.359	0.549	0.008	99.384	5.565	67.902	4.157	0.000	0.000
0.361	0.549	0.008	99.585	5.062	68.113	4.012	0.000	0.000
0.363	0.549	0.008	99.735	4.618	68.312	3.885	0.000	0.000
0.364	0.549	0.008	99.856	4.201	68.499	3.769	0.000	0.000
0.366	0.549	0.008	99.974	3.807	68.657	3.676	0.000	0.000
0.367	0.549	0.008	100.095	3.444	68.812	3.586	0.000	0.000
0.369	0.549	0.008	100.223	3.125	68.963	3.496	0.000	0.000
0.370	0.549	0.009	100.303	2.925	69.093	3.427	0.000	0.000
0.372	0.549	0.009	100.361	2.768	69.217	3.361	0.000	0.000
0.374	0.549	0.009	100.415	2.657	69.337	3.304	0.000	0.000
0.375	0.549	0.009	100.408	2.577	69.445	3.242	0.000	0.000
0.377	0.549	0.009	100.396	2.505	69.549	3.179	0.000	0.000
0.378	0.549	0.009	100.384	2.451	69.652	3.118	0.000	0.000
0.380	0.549	0.009	100.366	2.419	69.743	3.065	0.000	0.000
0.382	0.549	0.009	100.342	2.402	69.830	3.017	0.000	0.000
0.383	0.549	0.009	100.318	2.401	69.916	2.971	0.000	0.000
0.385	0.549	0.009	100.270	2.417	69.976	2.933	0.000	0.000
0.386	0.549	0.009	100.207	2.449	70.021	2.896	0.000	0.000
0.388	0.549	0.009	100.143	2.490	70.065	2.861	0.000	0.000
0.389	0.549	0.009	100.077	2.539	70.102	2.826	0.000	0.000
0.391	0.549	0.009	100.006	2.593	70.133	2.792	0.000	0.000
0.393	0.549	0.009	99.935	2.653	70.165	2.759	0.000	0.000
0.394	0.549	0.009	99.868	2.710	70.198	2.730	0.000	0.000
0.396	0.549	0.009	99.804	2.765	70.232	2.706	0.000	0.000
0.397	0.549	0.009	99.740	2.822	70.267	2.683	0.000	0.000
0.399	0.549	0.009	99.673	2.874	70.299	2.665	0.000	0.000
0.400	0.549	0.009	99.607	2.921	70.331	2.652	0.000	0.000
0.402	0.549	0.009	99.541	2.974	70.364	2.641	0.000	0.000
0.404	0.549	0.009	99.485	3.019	70.396	2.634	0.000	0.000
0.405	0.549	0.009	99.439	3.036	70.418	2.638	0.000	0.000
0.407	0.549	0.009	99.394	3.056	70.439	2.645	0.000	0.000
0.408	0.549	0.009	99.345	3.074	70.455	2.653	0.000	0.000
0.410	0.549	0.009	99.299	3.081	70.457	2.663	0.000	0.000
0.411	0.549	0.009	99.256	3.093	70.458	2.674	0.000	0.000
0.413	0.549	0.009	99.222	3.106	70.459	2.683	0.000	0.000
0.415	0.549	0.009	99.209	3.103	70.458	2.690	0.000	0.000
0.416	0.549	0.009	99.204	3.098	70.457	2.695	0.000	0.000
0.418	0.549	0.009	99.201	3.099	70.458	2.701	0.000	0.000
0.419	0.549	0.009	99.210	3.094	70.464	2.709	0.000	0.000
0.421	0.549	0.009	99.217	3.088	70.472	2.719	0.000	0.000
0.422	0.549	0.009	99.226	3.086	70.480	2.728	0.000	0.000
0.424	0.549	0.009	99.243	3.086	70.486	2.740	0.000	0.000
0.426	0.549	0.009	99.258	3.094	70.489	2.751	0.000	0.000
0.427	0.549	0.009	99.274	3.113	70.493	2.761	0.000	0.000
0.429	0.549	0.009	99.302	3.138	70.497	2.771	0.000	0.000
0.430	0.549	0.009	99.332	3.169	70.503	2.782	0.000	0.000
0.432	0.549	0.009	99.362	3.204	70.508	2.793	0.000	0.000
0.434	0.549	0.009	99.385	3.227	70.505	2.801	0.000	0.000
0.435	0.549	0.009	99.414	3.252	70.501	2.810	0.000	0.000
0.437	0.549	0.009	99.450	3.271	70.497	2.821	0.000	0.000
0.438	0.549	0.009	99.499	3.282	70.485	2.833	0.000	0.000
0.440	0.549	0.009	99.554	3.293	70.466	2.846	0.000	0.000
0.441	0.549	0.009	99.608	3.306	70.445	2.857	0.000	0.000
0.443	0.549	0.009	99.651	3.325	70.422	2.862	0.000	0.000
0.445	0.549	0.009	99.698	3.343	70.399	2.866	0.000	0.000
0.446	0.549	0.009	99.741	3.361	70.376	2.871	0.000	0.000
0.448	0.549	0.009	99.775	3.371	70.358	2.870	0.000	0.000
0.449	0.549	0.009	99.797	3.383	70.346	2.867	0.000	0.000
0.451	0.549	0.009	99.804	3.384	70.333	2.860	0.000	0.000
0.452	0.549	0.009	99.797	3.390	70.316	2.856	0.000	0.000
0.454	0.549	0.009	99.794	3.399	70.297	2.852	0.000	0.000
0.456	0.549	0.009	99.789	3.407	70.277	2.848	0.000	0.000
0.457	0.549	0.009	99.793	3.410	70.256	2.843	0.000	0.000
0.459	0.549	0.009	99.794	3.416	70.232	2.839	0.000	0.000
0.460	0.549	0.009	99.796	3.422	70.211	2.837	0.000	0.000
0.462	0.549	0.009	99.799	3.442	70.198	2.843	0.000	0.000
0.463	0.549	0.009	99.801	3.464	70.185	2.850	0.000	0.000
0.465	0.549	0.009	99.800	3.484	70.170	2.855	0.000	0.000
0.467	0.549	0.009	99.798	3.509	70.155	2.863	0.000	0.000
0.468	0.549	0.009	99.799	3.539	70.142	2.877	0.000	0.000
0.470	0.549	0.009	99.804	3.562	70.126	2.892	0.000	0.000
0.471	0.549	0.009	99.839	3.578	70.111	2.908	0.000	0.000
0.473	0.549	0.009	99.882	3.592	70.098	2.925	0.000	0.000
0.475	0.549	0.009	99.923	3.608	70.088	2.942	0.000	0.000
0.476	0.549	0.009	99.962	3.624	70.079	2.959	0.000	0.000
0.478	0.549	0.009	99.992	3.642	70.076	2.977	0.000	0.000
0.479	0.549	0.009	100.010	3.669	70.065	2.990	0.000	0.000
0.481	0.549	0.009	100.011	3.695	70.058	3.001	0.000	0.000
0.482	0.549	0.009	100.004	3.717	70.055	3.013	0.000	0.000
0.484	0.549	0.009	99.999	3.742	70.054	3.026	0.000	0.000
0.486	0.549	0.009	99.999	3.770	70.054	3.041	0.000	0.000
0.487	0.549	0.009	100.001	3.795	70.052	3.059	0.000	0.000
0.489	0.549	0.009	100.005	3.820	70.049	3.080	0.000	0.000
0.490	0.549	0.009	100.006	3.831	70.052	3.094	0.000	0.000
0.492	0.549	0.009	100.007	3.840	70.056	3.106	0.000	0.000
0.493	0.549	0.009	100.008	3.850	70.058	3.119	0.000	0.000
0.495	0.549	0.009	100.007	3.864	70.056	3.135	0.000	0.000
0.497	0.549	0.009	100.010	3.869	70.059	3.147	0.000	0.000
0.498	0.549	0.009	100.014	3.872	70.063	3.159	0.000	0.000
0.500	0.549	0.009	100.025	3.876	70.072	3.171	0.000	0.000
0.501	0.549	0.009	100.038	3.891	70.083	3.186	0.000	0.000
0.503	0.549	0.009	100.050	3.908	70.097	3.205	0.000	0.000
0.504	0.549	0.009	100.061	3.927	70.110	3.226	0.000	0.000
0.506	0.549	0.009	100.069	3.951	70.124	3.247	0.000	0.000
0.508	0.549	0.009	100.075	3.978	70.140	3.270	0.000	0.000
0.509	0.549	0.009	100.075	4.005	70.154	3.295	0.000	0.000
0.511	0.549	0.009	100.070	4.030	70.156	3.335	0.000	0.000
0.512	0.549	0.009	100.061	4.055	70.166	3.379	0.000	0.000
0.514	0.549	0.009	100.050	4.079	70.180	3.430	0.000	0.000
0.516	0.549	0.009	100.036	4.106	70.190	3.486	0.000	0.000
0.517	0.549	0.009	100.020	4.135	70.198	3.549	0.000	0.000
0.519	0.549	0.009	100.008	4.162	70.204	3.615	0.000	0.000
0.520	0.549	0.009	99.998	4.185	70.209	3.684	0.000	0.000
0.522	0.549	0.009	99.989	4.207	70.212	3.754	0.000	0.000
0.523	0.549	0.009	99.980	4.229	70.213	3.826	0.000	0.000
0.525	0.549	0.009	99.977	4.243	70.217	3.891	0.000	0.000
0.527	0.549	0.009	99.981	4.237	70.228	3.939	0.000	0.000
0.528	0.549	0.009	99.983	4.235	70.237	3.988	0.000	0.000
0.530	0.549	0.009	99.980	4.240	70.243	4.036	0.000	0.000
0.531	0.549	0.009	99.976	4.244	70.248	4.084	0.000	0.000
0.533	0.549	0.009	99.973	4.245	70.247	4.134	0.000	0.000
0.534	0.549	0.009	99.969	4.244	70.244	4.184	0.000	0.000
0.536	0.549	0.009	99.959	4.241	70.237	4.233	0.000	0.000
0.538	0.549	0.009	99.947	4.240	70.227	4.284	0.000	0.000
0.539	0.549	0.009	99.920	4.248	70.203	4.337	0.000	0.000
0.541	0.549	0.009	99.896	4.245	70.175	4.404	0.000	0.000
0.542	0.549	0.009	99.872	4.234	70.138	4.482	0.000	0.000
0.544	0.549	0.009	99.846	4.227	70.102	4.558	0.000	0.000
0.545	0.549	0.009	99.807	4.214	70.048	4.629	0.000	0.000
0.547	0.549	0.009	99.765	4.201	69.990	4.703	0.000	0.000
0.549	0.549	0.009	99.704	4.176	69.905	4.779	0.000	0.000
0.550	0.549	0.009	99.640	4.151	69.816	4.858	0.000	0.000
0.552	0.549	0.009	99.566	4.124	69.721	4.939	0.000	0.000
0.553	0.549	0.009	99.487	4.096	69.618	5.018	0.000	0.000
0.555	0.549	0.009	99.390	4.066	69.499	5.095	0.000	0.000
0.556	0.549	0.009	99.289	4.037	69.379	5.166	0.000	0.000
0.558	0.549	0.009	99.142	4.026	69.214	5.228	0.000	0.000
0.560	0.549	0.009	98.985	4.022	69.035	5.295	0.000	0.000
0.561	0.549	0.009	98.823	4.026	68.851	5.368	0.000	0.000
0.563	0.549	0.009	98.648	4.030	68.657	5.442	0.000	0.000
0.564	0.549	0.009	98.457	4.033	68.444	5.512	0.000	0.000
0.566	0.549	0.009	98.260	4.042	68.223	5.586	0.000	0.000
0.568	0.549	0.009	98.014	4.078	67.938	5.673	0.000	0.000
0.569	0.549	0.009	97.746	4.133	67.633	5.771	0.000	0.000
0.571	0.549	0.009	97.476	4.201	67.324	5.878	0.000	0.000
0.572	0.549	0.009	97.194	4.285	67.002	5.994	0.000	0.000
0.574	0.549	0.009	96.901	4.355	66.653	6.109	0.000	0.000
0.575	0.549	0.009	96.604	4.428	66.284	6.232	0.000	0.000
0.577	0.549	0.009	96.285	4.497	65.866	6.345	0.000	0.000
0.579	0.549	0.009	95.965	4.574	65.428	6.466	0.000	0.000
0.580	0.549	0.009	95.643	4.656	64.979	6.594	0.000	0.000
0.582	0.549	0.009	95.325	4.743	64.520	6.733	0.000	0.000
0.583	0.549	0.009	95.012	4.835	64.045	6.874	0.000	0.000
0.585	0.549	0.009	94.706	4.931	63.551	7.015	0.000	0.000
0.586	0.549	0.009	94.397	5.003	62.992	7.160	0.000	0.000
0.588	0.549	0.009	94.096	5.071	62.426	7.286	0.000	0.000
0.590	0.549	0.009	93.805	5.129	61.847	7.419	0.000	0.000
0.591	0.549	0.009	93.535	5.173	61.265	7.565	0.000	0.000
0.593	0.549	0.009	93.276	5.221	60.680	7.719	0.000	0.000
0.594	0.549	0.009	93.043	5.285	60.084	7.865	0.000	0.000
0.596	0.549	0.008	92.855	5.288	59.476	7.998	0.000	0.000
0.597	0.549	0.008	92.680	5.266	58.855	8.123	0.000	0.000
0.599	0.549	0.008	92.512	5.223	58.223	8.240	0.000	0.000
0.601	0.549	0.008	92.350	5.182	57.588	8.355	0.000	0.000
0.602	0.549	0.008	92.195	5.144	56.951	8.468	0.000	0.000
0.604	0.549	0.008	92.060	5.127	56.307	8.570	0.000	0.000
0.605	0.549	0.008	91.983	5.064	55.659	8.657	0.000	0.000
0.607	0.549	0.008	91.934	4.979	54.989	8.717	0.000	0.000
0.609	0.549	0.008	91.884	4.878	54.309	8.762	0.000	0.000
0.610	0.549	0.008	91.830	4.778	53.629	8.802	0.000	0.000
0.612	0.549	0.008	91.755	4.676	52.948	8.819	0.000	0.000
0.613	0.549	0.008	91.679	4.586	52.273	8.823	0.000	0.000
0.615	0.549	0.008	91.599	4.514	51.619	8.810	0.000	0.000
0.616	0.549	0.008	91.528	4.459	50.963	8.768	0.000	0.000
0.618	0.549	0.008	91.469	4.403	50.293	8.701	0.000	0.000
0.620	0.549	0.008	91.414	4.351	49.628	8.631	0.000	0.000
0.621	0.549	0.008	91.338	4.285	48.958	8.543	0.000	0.000
0.623	0.549	0.008	91.266	4.211	48.288	8.451	0.000	0.000
0.624	0.549	0.008	91.172	4.150	47.642	8.362	0.000	0.000
0.626	0.549	0.008	91.066	4.119	47.022	8.278	0.000	0.000
0.627	0.549	0.008	90.990	4.100	46.407	8.193	0.000	0.000
0.629	0.549	0.008	90.918	4.055	45.808	8.104	0.000	0.000
0.631	0.549	0.008	90.854	4.018	45.206	7.995	0.000	0.000
0.632	0.549	0.008	90.799	3.971	44.609	7.885	0.000	0.000
0.634	0.549	0.008	90.747	3.916	44.032	7.765	0.000	0.000
0.635	0.549	0.008	90.700	3.867	43.481	7.625	0.000	0.000
0.637	0.549	0.008	90.665	3.830	42.936	7.489	0.000	0.000
0.638	0.549	0.008	90.631	3.789	42.403	7.352	0.000	0.000
0.640	0.549	0.008	90.616	3.740	41.878	7.205	0.000	0.000
0.642	0.549	0.008	90.608	3.697	41.361	7.049	0.000	0.000
0.643	0.549	0.008	90.600	3.649	40.858	6.892	0.000	0.000
0.645	0.549	0.007	90.598	3.589	40.374	6.738	0.000	0.000
0.646	0.549	0.007	90.593	3.530	39.902	6.600	0.000	0.000
0.648	0.549	0.007	90.582	3.471	39.435	6.463	0.000	0.000
0.650	0.549	0.007	90.571	3.410	38.979	6.320	0.000	0.000
0.651	0.549	0.007	90.561	3.352	38.526	6.179	0.000	0.000
0.653	0.549	0.007	90.536	3.302	38.079	6.041	0.000	0.000
0.654	0.549	0.007	90.490	3.268	37.641	5.907	0.000	0.000
0.656	0.549	0.007	90.432	3.224	37.212	5.785	0.000	0.000
0.657	0.549	0.007	90.374	3.184	36.788	5.667	0.000	0.000
0.659	0.549	0.007	90.311	3.150	36.367	5.551	0.000	0.000
0.661	0.549	0.007	90.237	3.135	35.962	5.452	0.000	0.000
0.662	0.549	0.007	90.156	3.122	35.576	5.350	0.000	0.000
0.664	0.549	0.007	90.052	3.123	35.209	5.244	0.000	0.000
0.665	0.549	0.007	89.942	3.122	34.854	5.157	0.000	0.000
0.667	0.549	0.007	89.831	3.123	34.500	5.071	0.000	0.000
0.668	0.549	0.007	89.713	3.132	34.149	4.985	0.000	0.000
0.670	0.549	0.007	89.586	3.138	33.807	4.900	0.000	0.000
0.672	0.549	0.007	89.455	3.144	33.475	4.817	0.000	0.000
0.673	0.549	0.007	89.312	3.147	33.158	4.728	0.000	0.000
0.675	0.549	0.007	89.173	3.157	32.836	4.629	0.000	0.000
0.676	0.549	0.007	89.029	3.165	32.516	4.532	0.000	0.000
0.678	0.549	0.007	88.883	3.176	32.198	4.434	0.000	0.000
0.679	0.549	0.007	88.735	3.190	31.888	4.344	0.000	0.000
0.681	0.549	0.007	88.579	3.207	31.585	4.259	0.000	0.000
0.683	0.549	0.007	88.415	3.224	31.303	4.164	0.000	0.000
0.684	0.549	0.007	88.247	3.234	31.030	4.082	0.000	0.000
0.686	0.549	0.007	88.078	3.246	30.756	4.002	0.000	0.000
0.687	0.549	0.007	87.906	3.257	30.487	3.926	0.000	0.000
0.689	0.549	0.007	87.733	3.273	30.227	3.854	0.000	0.000
0.691	0.549	0.007	87.560	3.295	29.981	3.791	0.000	0.000
0.692	0.549	0.007	87.379	3.323	29.757	3.715	0.000	0.000
0.694	0.549	0.007	87.190	3.344	29.533	3.631	0.000	0.000
0.695	0.549	0.007	87.000	3.366	29.312	3.546	0.000	0.000
0.697	0.549	0.007	86.809	3.388	29.094	3.464	0.000	0.000
0.698	0.549	0.007	86.619	3.408	28.886	3.378	0.000	0.000
0.700	0.549	0.007	86.425	3.416	28.680	3.288	0.000	0.000
0.702	0.549	0.007	86.238	3.421	28.475	3.202	0.000	0.000
0.703	0.549	0.007	86.045	3.422	28.274	3.123	0.000	0.000
0.705	0.549	0.007	85.851	3.425	28.074	3.045	0.000	0.000
0.706	0.549	0.007	85.658	3.428	27.879	2.972	0.000	0.000
0.708	0.549	0.007	85.466	3.432	27.687	2.902	0.000	0.000
0.709	0.549	0.007	85.279	3.431	27.495	2.838	0.000	0.000
0.711	0.549	0.007	85.108	3.423	27.310	2.775	0.000	0.000
0.713	0.549	0.007	84.941	3.409	27.132	2.718	0.000	0.000
0.714	0.549	0.007	84.776	3.397	26.953	2.663	0.000	0.000
0.716	0.549	0.007	84.611	3.386	26.772	2.609	0.000	0.000
0.717	0.549	0.007	84.449	3.378	26.593	2.558	0.000	0.000
0.719	0.549	0.007	84.294	3.366	26.417	2.516	0.000	0.000
0.720	0.549	0.007	84.157	3.344	26.259	2.472	0.000	0.000
0.722	0.549	0.007	84.031	3.315	26.110	2.425	0.000	0.000
0.724	0.549	0.007	83.905	3.289	25.962	2.378	0.000	0.000
0.725	0.549	0.007	83.778	3.264	25.818	2.333	0.000	0.000
0.727	0.549	0.007	83.656	3.245	25.678	2.288	0.000	0.000
0.728	0.549	0.007	83.539	3.221	25.541	2.245	0.000	0.000
0.730	0.549	0.007	83.438	3.194	25.418	2.208	0.000	0.000
0.731	0.549	0.007	83.345	3.166	25.301	2.176	0.000	0.000
0.733	0.549	0.007	83.253	3.141	25.183	2.146	0.000	0.000
0.735	0.549	0.007	83.159	3.120	25.068	2.117	0.000	0.000
0.736	0.549	0.007	83.068	3.104	24.955	2.091	0.000	0.000
0.738	0.549	0.007	82.989	3.092	24.851	2.073	0.000	0.000
0.739	0.549	0.007	82.920	3.078	24.760	2.037	0.000	0.000
0.741	0.549	0.007	82.860	3.066	24.680	2.002	0.000	0.000
0.743	0.549	0.007	82.803	3.058	24.601	1.968	0.000	0.000
0.744	0.549	0.007	82.746	3.052	24.522	1.935	0.000	0.000
0.746	0.549	0.007	82.691	3.048	24.437	1.910	0.000	0.000
0.747	0.549	0.007	82.638	3.047	24.354	1.889	0.000	0.000
0.749	0.549	0.007	82.587	3.036	24.278	1.877	0.000	0.000
0.750	0.549	0.007	82.543	3.021	24.208	1.869	0.000	0.000
0.752	0.549	0.007	82.500	3.009	24.138	1.864	0.000	0.000
0.754	0.549	0.007	82.456	2.999	24.068	1.861	0.000	0.000
0.755	0.549	0.007	82.413	2.991	24.001	1.858	0.000	0.000
0.757	0.549	0.007	82.374	2.984	23.940	1.847	0.000	0.000
0.758	0.549	0.007	82.338	2.967	23.896	1.839	0.000	0.000
0.760	0.549	0.007	82.306	2.938	23.862	1.836	0.000	0.000
0.761	0.549	0.007	82.274	2.910	23.828	1.834	0.000	0.000
0.763	0.549	0.007	82.242	2.885	23.794	1.832	0.000	0.000
0.765	0.549	0.007	82.210	2.863	23.759	1.832	0.000	0.000
0.766	0.549	0.007	82.180	2.840	23.726	1.832	0.000	0.000
0.768	0.549	0.007	82.153	2.813	23.683	1.827	0.000	0.000
0.769	0.549	0.007	82.121	2.781	23.640	1.825	0.000	0.000
0.771	0.549	0.007	82.088	2.752	23.596	1.823	0.000	0.000
0.772	0.549	0.007	82.056	2.727	23.552	1.822	0.000	0.000
0.774	0.549	0.007	82.024	2.706	23.507	1.821	0.000	0.000
0.776	0.549	0.007	81.992	2.689	23.463	1.822	0.000	0.000
0.777	0.549	0.007	81.957	2.665	23.420	1.821	0.000	0.000
0.779	0.549	0.007	81.905	2.637	23.374	1.813	0.000	0.000
0.780	0.549	0.007	81.854	2.610	23.329	1.805	0.000	0.000
0.782	0.549	0.007	81.802	2.585	23.283	1.798	0.000	0.000
0.784	0.549	0.007	81.751	2.561	23.238	1.792	0.000	0.000
0.785	0.549	0.007	81.699	2.539	23.193	1.785	0.000	0.000
0.787	0.549	0.007	81.647	2.519	23.147	1.779	0.000	0.000


General Analysis Info:
----------------------
File Data Taken From = E:\files for GIMIAS\V100 pre PCI for GIMIAS.txt
Time Window Taken From Raw Data: Start = 61.590 End =75.790
No Of Cycles Averaged = 18


Time Info
---------
Time Column In File = 0
Averaged Cycle Time = 0.787+/-0.073


Cycles Info:
----------------
Cycle Num	Deleted	Start t	End t
0	Yes	0.000	0.000
1	No	0.000	0.510
2	No	0.510	1.310
3	No	1.310	2.140
4	No	2.140	2.960
5	No	2.960	3.740
6	No	3.740	4.560
7	No	4.560	5.380
8	No	5.380	6.170
9	No	6.170	6.990
10	No	6.990	7.730
11	No	7.730	8.540
12	No	8.540	9.360
13	No	9.360	10.150
14	No	10.150	10.960
15	No	10.960	11.730
16	No	11.730	12.540
17	No	12.540	13.360
18	No	13.360	14.160
19	Yes	14.160	14.200


Trace 3 Average Information
---------------------------
Mean Value = 0.550+/-0.008
Min Value = 0.549+/-0.009
Max Value = 0.550+/-0.008
Value Orig = Value Orig +-0.001+/--0.000 + -0.000+/-0.000


Trace 1 Average Information
---------------------------
Mean Value = 84.593+/-12.472
Min Value = 69.161+/-8.531
Max Value = 100.415+/-2.657
Value Orig = Value Orig +0.911+/-1.345 + 0.358+/-0.001


Trace 2 Average Information
---------------------------
Mean Value = 46.703+/-19.213
Min Value = 23.147+/-1.779
Max Value = 70.508+/-2.793
Value Orig = Value Orig +-0.911+/--1.253 + -0.358+/-0.013


Trace 4 Average Information
---------------------------
Mean Value = 0.000+/-0.000
Min Value = 0.000+/-0.000
Max Value = 0.000+/-0.000
Value Orig = Value Orig +0.000+/-0.000 + 0.000+/--1.#IO


