0.000 0.000
0.002 0.000
0.003 0.000
0.005 0.000
0.006 0.000
0.008 0.000
0.009 0.000
0.011 0.000
0.013 0.000
0.014 0.000
0.016 0.000
0.017 0.000
0.019 0.000
0.020 0.000
0.022 0.000
0.024 0.000
0.025 0.000
0.027 0.000
0.028 0.000
0.030 0.000
0.032 0.000
0.033 0.000
0.035 0.000
0.036 0.000
0.038 0.000
0.039 0.000
0.041 0.000
0.043 0.000
0.044 0.000
0.046 0.000
0.047 0.000
0.049 0.000
0.050 0.000
0.052 0.000
0.054 0.000
0.055 0.000
0.057 0.000
0.058 0.000
0.060 0.000
0.061 0.000
0.063 0.000
0.065 0.000
0.066 0.000
0.068 0.000
0.069 0.000
0.071 0.000
0.073 0.000
0.074 0.000
0.076 0.000
0.077 0.000
0.079 0.000
0.080 0.000
0.082 0.000
0.084 0.000
0.085 0.000
0.087 0.000
0.088 0.000
0.090 0.000
0.091 0.000
0.093 0.000
0.095 0.000
0.096 0.000
0.098 0.000
0.099 0.000
0.101 0.000
0.102 0.000
0.104 0.000
0.106 0.000
0.107 0.000
0.109 0.000
0.110 0.000
0.112 0.000
0.114 0.000
0.115 0.000
0.117 0.000
0.118 0.000
0.120 0.000
0.121 0.000
0.123 0.000
0.125 0.000
0.126 0.000
0.128 0.000
0.129 0.000
0.131 0.000
0.132 0.000
0.134 0.000
0.136 0.000
0.137 0.000
0.139 0.000
0.140 0.000
0.142 0.000
0.143 0.000
0.145 0.000
0.147 0.000
0.148 0.000
0.150 0.000
0.151 0.000
0.153 0.000
0.154 0.000
0.156 0.000
0.158 0.000
0.159 0.000
0.161 0.000
0.162 0.000
0.164 0.000
0.166 0.000
0.167 0.000
0.169 0.000
0.170 0.000
0.172 0.000
0.173 0.000
0.175 0.000
0.177 0.000
0.178 0.000
0.180 0.000
0.181 0.000
0.183 0.000
0.184 0.000
0.186 0.000
0.188 0.000
0.189 0.000
0.191 0.000
0.192 0.000
0.194 0.000
0.195 0.000
0.197 0.000
0.199 0.000
0.200 0.000
0.202 0.000
0.203 0.000
0.205 0.000
0.207 0.000
0.208 0.000
0.210 0.000
0.211 0.000
0.213 0.000
0.214 0.000
0.216 0.000
0.218 0.000
0.219 0.000
0.221 0.000
0.222 0.000
0.224 0.000
0.225 0.000
0.227 0.000
0.229 0.000
0.230 0.000
0.232 0.000
0.233 0.000
0.235 0.000
0.236 0.000
0.238 0.000
0.240 0.000
0.241 0.000
0.243 0.000
0.244 0.000
0.246 0.000
0.248 0.000
0.249 0.000
0.251 0.000
0.252 0.000
0.254 0.000
0.255 0.000
0.257 0.000
0.259 0.000
0.260 0.000
0.262 0.000
0.263 0.000
0.265 0.000
0.266 0.000
0.268 0.000
0.270 0.000
0.271 0.000
0.273 0.000
0.274 0.000
0.276 0.000
0.277 0.000
0.279 0.000
0.281 0.000
0.282 0.000
0.284 0.000
0.285 0.000
0.287 0.000
0.288 0.000
0.290 0.000
0.292 0.000
0.293 0.000
0.295 0.000
0.296 0.000
0.298 0.000
0.300 0.000
0.301 0.000
0.303 0.000
0.304 0.000
0.306 0.000
0.307 0.000
0.309 0.000
0.311 0.000
0.312 0.000
0.314 0.000
0.315 0.000
0.317 0.000
0.318 0.000
0.320 0.000
0.322 0.000
0.323 0.000
0.325 0.000
0.326 0.000
0.328 0.000
0.329 0.000
0.331 0.000
0.333 0.000
0.334 0.000
0.336 0.000
0.337 0.000
0.339 0.000
0.341 0.000
0.342 0.000
0.344 0.000
0.345 0.000
0.347 0.000
0.348 0.000
0.350 0.000
0.352 0.000
0.353 0.000
0.355 0.000
0.356 0.000
0.358 0.000
0.359 0.000
0.361 0.000
0.363 0.000
0.364 0.000
0.366 0.000
0.367 0.000
0.369 0.000
0.370 0.000
0.372 0.000
0.374 0.000
0.375 0.000
0.377 0.000
0.378 0.000
0.380 0.000
0.382 0.000
0.383 0.000
0.385 0.000
0.386 0.000
0.388 0.000
0.389 0.000
0.391 0.000
0.393 0.000
0.394 0.000
0.396 0.000
0.397 0.000
0.399 0.000
0.400 0.000
0.402 0.000
0.404 0.000
0.405 0.000
0.407 0.000
0.408 0.000
0.410 0.000
0.411 0.000
0.413 0.000
0.415 0.000
0.416 0.000
0.418 0.000
0.419 0.000
0.421 0.000
0.422 0.000
0.424 0.000
0.426 0.000
0.427 0.000
0.429 0.000
0.430 0.000
0.432 0.000
0.434 0.000
0.435 0.000
0.437 0.000
0.438 0.000
0.440 0.000
0.441 0.000
0.443 0.000
0.445 0.000
0.446 0.000
0.448 0.000
0.449 0.000
0.451 0.000
0.452 0.000
0.454 0.000
0.456 0.000
0.457 0.000
0.459 0.000
0.460 0.000
0.462 0.000
0.463 0.000
0.465 0.000
0.467 0.000
0.468 0.000
0.470 0.000
0.471 0.000
0.473 0.000
0.475 0.000
0.476 0.000
0.478 0.000
0.479 0.000
0.481 0.000
0.482 0.000
0.484 0.000
0.486 0.000
0.487 0.000
0.489 0.000
0.490 0.000
0.492 0.000
0.493 0.000
0.495 0.000
0.497 0.000
0.498 0.000
0.500 0.000
0.501 0.000
0.503 0.000
0.504 0.000
0.506 0.000
0.508 0.000
0.509 0.000
0.511 0.000
0.512 0.000
0.514 0.000
0.516 0.000
0.517 0.000
0.519 0.000
0.520 0.000
0.522 0.000
0.523 0.000
0.525 0.000
0.527 0.000
0.528 0.000
0.530 0.000
0.531 0.000
0.533 0.000
0.534 0.000
0.536 0.000
0.538 0.000
0.539 0.000
0.541 0.000
0.542 0.000
0.544 0.000
0.545 0.000
0.547 0.000
0.549 0.000
0.550 0.000
0.552 0.000
0.553 0.000
0.555 0.000
0.556 0.000
0.558 0.000
0.560 0.000
0.561 0.000
0.563 0.000
0.564 0.000
0.566 0.000
0.568 0.000
0.569 0.000
0.571 0.000
0.572 0.000
0.574 0.000
0.575 0.000
0.577 0.000
0.579 0.000
0.580 0.000
0.582 0.000
0.583 0.000
0.585 0.000
0.586 0.000
0.588 0.000
0.590 0.000
0.591 0.000
0.593 0.000
0.594 0.000
0.596 0.000
0.597 0.000
0.599 0.000
0.601 0.000
0.602 0.000
0.604 0.000
0.605 0.000
0.607 0.000
0.609 0.000
0.610 0.000
0.612 0.000
0.613 0.000
0.615 0.000
0.616 0.000
0.618 0.000
0.620 0.000
0.621 0.000
0.623 0.000
0.624 0.000
0.626 0.000
0.627 0.000
0.629 0.000
0.631 0.000
0.632 0.000
0.634 0.000
0.635 0.000
0.637 0.000
0.638 0.000
0.640 0.000
0.642 0.000
0.643 0.000
0.645 0.000
0.646 0.000
0.648 0.000
0.650 0.000
0.651 0.000
0.653 0.000
0.654 0.000
0.656 0.000
0.657 0.000
0.659 0.000
0.661 0.000
0.662 0.000
0.664 0.000
0.665 0.000
0.667 0.000
0.668 0.000
0.670 0.000
0.672 0.000
0.673 0.000
0.675 0.000
0.676 0.000
0.678 0.000
0.679 0.000
0.681 0.000
0.683 0.000
0.684 0.000
0.686 0.000
0.687 0.000
0.689 0.000
0.691 0.000
0.692 0.000
0.694 0.000
0.695 0.000
0.697 0.000
0.698 0.000
0.700 0.000
0.702 0.000
0.703 0.000
0.705 0.000
0.706 0.000
0.708 0.000
0.709 0.000
0.711 0.000
0.713 0.000
0.714 0.000
0.716 0.000
0.717 0.000
0.719 0.000
0.720 0.000
0.722 0.000
0.724 0.000
0.725 0.000
0.727 0.000
0.728 0.000
0.730 0.000
0.731 0.000
0.733 0.000
0.735 0.000
0.736 0.000
0.738 0.000
0.739 0.000
0.741 0.000
0.743 0.000
0.744 0.000
0.746 0.000
0.747 0.000
0.749 0.000
0.750 0.000
0.752 0.000
0.754 0.000
0.755 0.000
0.757 0.000
0.758 0.000
0.760 0.000
0.761 0.000
0.763 0.000
0.765 0.000
0.766 0.000
0.768 0.000
0.769 0.000
0.771 0.000
0.772 0.000
0.774 0.000
0.776 0.000
0.777 0.000
0.779 0.000
0.780 0.000
0.782 0.000
0.784 0.000
0.785 0.000
0.787 0.000
