0.000 0.549
0.002 0.549
0.003 0.549
0.005 0.549
0.006 0.549
0.008 0.549
0.009 0.549
0.011 0.549
0.013 0.549
0.014 0.549
0.016 0.549
0.017 0.549
0.019 0.549
0.020 0.549
0.022 0.549
0.024 0.549
0.025 0.549
0.027 0.549
0.028 0.549
0.030 0.549
0.032 0.549
0.033 0.549
0.035 0.549
0.036 0.549
0.038 0.549
0.039 0.549
0.041 0.549
0.043 0.549
0.044 0.549
0.046 0.549
0.047 0.549
0.049 0.549
0.050 0.549
0.052 0.549
0.054 0.549
0.055 0.550
0.057 0.550
0.058 0.550
0.060 0.550
0.061 0.550
0.063 0.550
0.065 0.550
0.066 0.550
0.068 0.550
0.069 0.550
0.071 0.550
0.073 0.550
0.074 0.550
0.076 0.550
0.077 0.550
0.079 0.550
0.080 0.550
0.082 0.550
0.084 0.550
0.085 0.550
0.087 0.550
0.088 0.549
0.090 0.549
0.091 0.549
0.093 0.549
0.095 0.549
0.096 0.549
0.098 0.549
0.099 0.549
0.101 0.549
0.102 0.549
0.104 0.549
0.106 0.549
0.107 0.549
0.109 0.549
0.110 0.549
0.112 0.549
0.114 0.549
0.115 0.549
0.117 0.549
0.118 0.549
0.120 0.549
0.121 0.549
0.123 0.549
0.125 0.549
0.126 0.549
0.128 0.549
0.129 0.549
0.131 0.549
0.132 0.549
0.134 0.549
0.136 0.549
0.137 0.549
0.139 0.549
0.140 0.549
0.142 0.549
0.143 0.549
0.145 0.549
0.147 0.549
0.148 0.549
0.150 0.549
0.151 0.549
0.153 0.549
0.154 0.549
0.156 0.549
0.158 0.549
0.159 0.549
0.161 0.549
0.162 0.549
0.164 0.549
0.166 0.549
0.167 0.549
0.169 0.549
0.170 0.549
0.172 0.549
0.173 0.549
0.175 0.549
0.177 0.549
0.178 0.549
0.180 0.549
0.181 0.549
0.183 0.549
0.184 0.549
0.186 0.549
0.188 0.549
0.189 0.549
0.191 0.549
0.192 0.549
0.194 0.549
0.195 0.549
0.197 0.549
0.199 0.549
0.200 0.549
0.202 0.549
0.203 0.549
0.205 0.549
0.207 0.549
0.208 0.549
0.210 0.549
0.211 0.549
0.213 0.549
0.214 0.549
0.216 0.549
0.218 0.549
0.219 0.549
0.221 0.549
0.222 0.549
0.224 0.549
0.225 0.549
0.227 0.549
0.229 0.549
0.230 0.549
0.232 0.549
0.233 0.549
0.235 0.549
0.236 0.549
0.238 0.549
0.240 0.549
0.241 0.549
0.243 0.549
0.244 0.549
0.246 0.549
0.248 0.549
0.249 0.549
0.251 0.549
0.252 0.549
0.254 0.549
0.255 0.549
0.257 0.549
0.259 0.549
0.260 0.549
0.262 0.549
0.263 0.549
0.265 0.549
0.266 0.549
0.268 0.549
0.270 0.549
0.271 0.549
0.273 0.549
0.274 0.549
0.276 0.549
0.277 0.549
0.279 0.549
0.281 0.549
0.282 0.549
0.284 0.549
0.285 0.549
0.287 0.549
0.288 0.549
0.290 0.549
0.292 0.549
0.293 0.549
0.295 0.549
0.296 0.549
0.298 0.549
0.300 0.549
0.301 0.549
0.303 0.549
0.304 0.549
0.306 0.549
0.307 0.549
0.309 0.549
0.311 0.549
0.312 0.549
0.314 0.549
0.315 0.549
0.317 0.549
0.318 0.549
0.320 0.549
0.322 0.549
0.323 0.549
0.325 0.550
0.326 0.550
0.328 0.549
0.329 0.549
0.331 0.549
0.333 0.549
0.334 0.549
0.336 0.549
0.337 0.549
0.339 0.549
0.341 0.549
0.342 0.549
0.344 0.549
0.345 0.549
0.347 0.549
0.348 0.549
0.350 0.549
0.352 0.549
0.353 0.549
0.355 0.549
0.356 0.549
0.358 0.549
0.359 0.549
0.361 0.549
0.363 0.549
0.364 0.549
0.366 0.549
0.367 0.549
0.369 0.549
0.370 0.549
0.372 0.549
0.374 0.549
0.375 0.549
0.377 0.549
0.378 0.549
0.380 0.549
0.382 0.549
0.383 0.549
0.385 0.549
0.386 0.549
0.388 0.549
0.389 0.549
0.391 0.549
0.393 0.549
0.394 0.549
0.396 0.549
0.397 0.549
0.399 0.549
0.400 0.549
0.402 0.549
0.404 0.549
0.405 0.549
0.407 0.549
0.408 0.549
0.410 0.549
0.411 0.549
0.413 0.549
0.415 0.549
0.416 0.549
0.418 0.549
0.419 0.549
0.421 0.549
0.422 0.549
0.424 0.549
0.426 0.549
0.427 0.549
0.429 0.549
0.430 0.549
0.432 0.549
0.434 0.549
0.435 0.549
0.437 0.549
0.438 0.549
0.440 0.549
0.441 0.549
0.443 0.549
0.445 0.549
0.446 0.549
0.448 0.549
0.449 0.549
0.451 0.549
0.452 0.549
0.454 0.549
0.456 0.549
0.457 0.549
0.459 0.549
0.460 0.549
0.462 0.549
0.463 0.549
0.465 0.549
0.467 0.549
0.468 0.549
0.470 0.549
0.471 0.549
0.473 0.549
0.475 0.549
0.476 0.549
0.478 0.549
0.479 0.549
0.481 0.549
0.482 0.549
0.484 0.549
0.486 0.549
0.487 0.549
0.489 0.549
0.490 0.549
0.492 0.549
0.493 0.549
0.495 0.549
0.497 0.549
0.498 0.549
0.500 0.549
0.501 0.549
0.503 0.549
0.504 0.549
0.506 0.549
0.508 0.549
0.509 0.549
0.511 0.549
0.512 0.549
0.514 0.549
0.516 0.549
0.517 0.549
0.519 0.549
0.520 0.549
0.522 0.549
0.523 0.549
0.525 0.549
0.527 0.549
0.528 0.549
0.530 0.549
0.531 0.549
0.533 0.549
0.534 0.549
0.536 0.549
0.538 0.549
0.539 0.549
0.541 0.549
0.542 0.549
0.544 0.549
0.545 0.549
0.547 0.549
0.549 0.549
0.550 0.549
0.552 0.549
0.553 0.549
0.555 0.549
0.556 0.549
0.558 0.549
0.560 0.549
0.561 0.549
0.563 0.549
0.564 0.549
0.566 0.549
0.568 0.549
0.569 0.549
0.571 0.549
0.572 0.549
0.574 0.549
0.575 0.549
0.577 0.549
0.579 0.549
0.580 0.549
0.582 0.549
0.583 0.549
0.585 0.549
0.586 0.549
0.588 0.549
0.590 0.549
0.591 0.549
0.593 0.549
0.594 0.549
0.596 0.549
0.597 0.549
0.599 0.549
0.601 0.549
0.602 0.549
0.604 0.549
0.605 0.549
0.607 0.549
0.609 0.549
0.610 0.549
0.612 0.549
0.613 0.549
0.615 0.549
0.616 0.549
0.618 0.549
0.620 0.549
0.621 0.549
0.623 0.549
0.624 0.549
0.626 0.549
0.627 0.549
0.629 0.549
0.631 0.549
0.632 0.549
0.634 0.549
0.635 0.549
0.637 0.549
0.638 0.549
0.640 0.549
0.642 0.549
0.643 0.549
0.645 0.549
0.646 0.549
0.648 0.549
0.650 0.549
0.651 0.549
0.653 0.549
0.654 0.549
0.656 0.549
0.657 0.549
0.659 0.549
0.661 0.549
0.662 0.549
0.664 0.549
0.665 0.549
0.667 0.549
0.668 0.549
0.670 0.549
0.672 0.549
0.673 0.549
0.675 0.549
0.676 0.549
0.678 0.549
0.679 0.549
0.681 0.549
0.683 0.549
0.684 0.549
0.686 0.549
0.687 0.549
0.689 0.549
0.691 0.549
0.692 0.549
0.694 0.549
0.695 0.549
0.697 0.549
0.698 0.549
0.700 0.549
0.702 0.549
0.703 0.549
0.705 0.549
0.706 0.549
0.708 0.549
0.709 0.549
0.711 0.549
0.713 0.549
0.714 0.549
0.716 0.549
0.717 0.549
0.719 0.549
0.720 0.549
0.722 0.549
0.724 0.549
0.725 0.549
0.727 0.549
0.728 0.549
0.730 0.549
0.731 0.549
0.733 0.549
0.735 0.549
0.736 0.549
0.738 0.549
0.739 0.549
0.741 0.549
0.743 0.549
0.744 0.549
0.746 0.549
0.747 0.549
0.749 0.549
0.750 0.549
0.752 0.549
0.754 0.549
0.755 0.549
0.757 0.549
0.758 0.549
0.760 0.549
0.761 0.549
0.763 0.549
0.765 0.549
0.766 0.549
0.768 0.549
0.769 0.549
0.771 0.549
0.772 0.549
0.774 0.549
0.776 0.549
0.777 0.549
0.779 0.549
0.780 0.549
0.782 0.549
0.784 0.549
0.785 0.549
0.787 0.549
