0.000 80.931
0.002 80.850
0.003 80.770
0.005 80.690
0.006 80.610
0.008 80.530
0.009 80.450
0.011 80.357
0.013 80.255
0.014 80.154
0.016 80.052
0.017 79.953
0.019 79.853
0.020 79.759
0.022 79.672
0.024 79.590
0.025 79.507
0.027 79.425
0.028 79.343
0.030 79.248
0.032 79.160
0.033 79.078
0.035 78.997
0.036 78.915
0.038 78.834
0.039 78.732
0.041 78.613
0.043 78.498
0.044 78.384
0.046 78.270
0.047 78.158
0.049 78.054
0.050 77.964
0.052 77.873
0.054 77.780
0.055 77.684
0.057 77.589
0.058 77.493
0.060 77.402
0.061 77.315
0.063 77.233
0.065 77.153
0.066 77.074
0.068 76.996
0.069 76.911
0.071 76.819
0.073 76.727
0.074 76.634
0.076 76.547
0.077 76.467
0.079 76.412
0.080 76.356
0.082 76.300
0.084 76.246
0.085 76.191
0.087 76.136
0.088 76.085
0.090 76.034
0.091 75.983
0.093 75.938
0.095 75.904
0.096 75.867
0.098 75.825
0.099 75.780
0.101 75.731
0.102 75.685
0.104 75.642
0.106 75.598
0.107 75.551
0.109 75.496
0.110 75.435
0.112 75.370
0.114 75.302
0.115 75.236
0.117 75.159
0.118 75.087
0.120 75.013
0.121 74.939
0.123 74.863
0.125 74.767
0.126 74.654
0.128 74.539
0.129 74.420
0.131 74.304
0.132 74.189
0.134 74.074
0.136 73.956
0.137 73.840
0.139 73.722
0.140 73.602
0.142 73.483
0.143 73.364
0.145 73.251
0.147 73.138
0.148 73.026
0.150 72.916
0.151 72.808
0.153 72.696
0.154 72.589
0.156 72.488
0.158 72.393
0.159 72.299
0.161 72.210
0.162 72.121
0.164 72.034
0.166 71.947
0.167 71.863
0.169 71.779
0.170 71.693
0.172 71.603
0.173 71.518
0.175 71.434
0.177 71.345
0.178 71.257
0.180 71.169
0.181 71.085
0.183 71.008
0.184 70.938
0.186 70.864
0.188 70.790
0.189 70.716
0.191 70.641
0.192 70.571
0.194 70.510
0.195 70.447
0.197 70.383
0.199 70.322
0.200 70.261
0.202 70.206
0.203 70.154
0.205 70.105
0.207 70.057
0.208 70.011
0.210 69.965
0.211 69.920
0.213 69.873
0.214 69.826
0.216 69.783
0.218 69.750
0.219 69.718
0.221 69.684
0.222 69.649
0.224 69.615
0.225 69.585
0.227 69.554
0.229 69.522
0.230 69.494
0.232 69.467
0.233 69.439
0.235 69.413
0.236 69.389
0.238 69.366
0.240 69.344
0.241 69.318
0.243 69.291
0.244 69.264
0.246 69.239
0.248 69.214
0.249 69.191
0.251 69.181
0.252 69.173
0.254 69.168
0.255 69.163
0.257 69.162
0.259 69.161
0.260 69.180
0.262 69.205
0.263 69.239
0.265 69.277
0.266 69.320
0.268 69.366
0.270 69.430
0.271 69.509
0.273 69.593
0.274 69.684
0.276 69.778
0.277 69.891
0.279 70.026
0.281 70.185
0.282 70.349
0.284 70.534
0.285 70.723
0.287 70.928
0.288 71.166
0.290 71.472
0.292 71.794
0.293 72.156
0.295 72.522
0.296 72.897
0.298 73.310
0.300 73.786
0.301 74.282
0.303 74.817
0.304 75.364
0.306 75.932
0.307 76.556
0.309 77.267
0.311 77.976
0.312 78.684
0.314 79.411
0.315 80.163
0.317 80.969
0.318 81.917
0.320 82.861
0.322 83.801
0.323 84.751
0.325 85.717
0.326 86.667
0.328 87.611
0.329 88.542
0.331 89.505
0.333 90.478
0.334 91.431
0.336 92.340
0.337 93.056
0.339 93.714
0.341 94.327
0.342 94.965
0.344 95.602
0.345 96.234
0.347 96.662
0.348 97.077
0.350 97.459
0.352 97.824
0.353 98.178
0.355 98.533
0.356 98.833
0.358 99.120
0.359 99.384
0.361 99.585
0.363 99.735
0.364 99.856
0.366 99.974
0.367 100.095
0.369 100.223
0.370 100.303
0.372 100.361
0.374 100.415
0.375 100.408
0.377 100.396
0.378 100.384
0.380 100.366
0.382 100.342
0.383 100.318
0.385 100.270
0.386 100.207
0.388 100.143
0.389 100.077
0.391 100.006
0.393 99.935
0.394 99.868
0.396 99.804
0.397 99.740
0.399 99.673
0.400 99.607
0.402 99.541
0.404 99.485
0.405 99.439
0.407 99.394
0.408 99.345
0.410 99.299
0.411 99.256
0.413 99.222
0.415 99.209
0.416 99.204
0.418 99.201
0.419 99.210
0.421 99.217
0.422 99.226
0.424 99.243
0.426 99.258
0.427 99.274
0.429 99.302
0.430 99.332
0.432 99.362
0.434 99.385
0.435 99.414
0.437 99.450
0.438 99.499
0.440 99.554
0.441 99.608
0.443 99.651
0.445 99.698
0.446 99.741
0.448 99.775
0.449 99.797
0.451 99.804
0.452 99.797
0.454 99.794
0.456 99.789
0.457 99.793
0.459 99.794
0.460 99.796
0.462 99.799
0.463 99.801
0.465 99.800
0.467 99.798
0.468 99.799
0.470 99.804
0.471 99.839
0.473 99.882
0.475 99.923
0.476 99.962
0.478 99.992
0.479 100.010
0.481 100.011
0.482 100.004
0.484 99.999
0.486 99.999
0.487 100.001
0.489 100.005
0.490 100.006
0.492 100.007
0.493 100.008
0.495 100.007
0.497 100.010
0.498 100.014
0.500 100.025
0.501 100.038
0.503 100.050
0.504 100.061
0.506 100.069
0.508 100.075
0.509 100.075
0.511 100.070
0.512 100.061
0.514 100.050
0.516 100.036
0.517 100.020
0.519 100.008
0.520 99.998
0.522 99.989
0.523 99.980
0.525 99.977
0.527 99.981
0.528 99.983
0.530 99.980
0.531 99.976
0.533 99.973
0.534 99.969
0.536 99.959
0.538 99.947
0.539 99.920
0.541 99.896
0.542 99.872
0.544 99.846
0.545 99.807
0.547 99.765
0.549 99.704
0.550 99.640
0.552 99.566
0.553 99.487
0.555 99.390
0.556 99.289
0.558 99.142
0.560 98.985
0.561 98.823
0.563 98.648
0.564 98.457
0.566 98.260
0.568 98.014
0.569 97.746
0.571 97.476
0.572 97.194
0.574 96.901
0.575 96.604
0.577 96.285
0.579 95.965
0.580 95.643
0.582 95.325
0.583 95.012
0.585 94.706
0.586 94.397
0.588 94.096
0.590 93.805
0.591 93.535
0.593 93.276
0.594 93.043
0.596 92.855
0.597 92.680
0.599 92.512
0.601 92.350
0.602 92.195
0.604 92.060
0.605 91.983
0.607 91.934
0.609 91.884
0.610 91.830
0.612 91.755
0.613 91.679
0.615 91.599
0.616 91.528
0.618 91.469
0.620 91.414
0.621 91.338
0.623 91.266
0.624 91.172
0.626 91.066
0.627 90.990
0.629 90.918
0.631 90.854
0.632 90.799
0.634 90.747
0.635 90.700
0.637 90.665
0.638 90.631
0.640 90.616
0.642 90.608
0.643 90.600
0.645 90.598
0.646 90.593
0.648 90.582
0.650 90.571
0.651 90.561
0.653 90.536
0.654 90.490
0.656 90.432
0.657 90.374
0.659 90.311
0.661 90.237
0.662 90.156
0.664 90.052
0.665 89.942
0.667 89.831
0.668 89.713
0.670 89.586
0.672 89.455
0.673 89.312
0.675 89.173
0.676 89.029
0.678 88.883
0.679 88.735
0.681 88.579
0.683 88.415
0.684 88.247
0.686 88.078
0.687 87.906
0.689 87.733
0.691 87.560
0.692 87.379
0.694 87.190
0.695 87.000
0.697 86.809
0.698 86.619
0.700 86.425
0.702 86.238
0.703 86.045
0.705 85.851
0.706 85.658
0.708 85.466
0.709 85.279
0.711 85.108
0.713 84.941
0.714 84.776
0.716 84.611
0.717 84.449
0.719 84.294
0.720 84.157
0.722 84.031
0.724 83.905
0.725 83.778
0.727 83.656
0.728 83.539
0.730 83.438
0.731 83.345
0.733 83.253
0.735 83.159
0.736 83.068
0.738 82.989
0.739 82.920
0.741 82.860
0.743 82.803
0.744 82.746
0.746 82.691
0.747 82.638
0.749 82.587
0.750 82.543
0.752 82.500
0.754 82.456
0.755 82.413
0.757 82.374
0.758 82.338
0.760 82.306
0.761 82.274
0.763 82.242
0.765 82.210
0.766 82.180
0.768 82.153
0.769 82.121
0.771 82.088
0.772 82.056
0.774 82.024
0.776 81.992
0.777 81.957
0.779 81.905
0.780 81.854
0.782 81.802
0.784 81.751
0.785 81.699
0.787 81.647
