0.000 23.864
0.002 23.913
0.003 23.962
0.005 24.011
0.006 24.061
0.008 24.110
0.009 24.159
0.011 24.214
0.013 24.273
0.014 24.332
0.016 24.393
0.017 24.465
0.019 24.536
0.020 24.611
0.022 24.697
0.024 24.782
0.025 24.867
0.027 24.952
0.028 25.038
0.030 25.119
0.032 25.204
0.033 25.299
0.035 25.395
0.036 25.491
0.038 25.587
0.039 25.706
0.041 25.838
0.043 25.967
0.044 26.095
0.046 26.222
0.047 26.345
0.049 26.466
0.050 26.589
0.052 26.710
0.054 26.832
0.055 26.956
0.057 27.081
0.058 27.199
0.060 27.319
0.061 27.447
0.063 27.573
0.065 27.696
0.066 27.817
0.068 27.939
0.069 28.061
0.071 28.178
0.073 28.297
0.074 28.415
0.076 28.533
0.077 28.658
0.079 28.795
0.080 28.930
0.082 29.072
0.084 29.214
0.085 29.356
0.087 29.500
0.088 29.658
0.090 29.820
0.091 29.978
0.093 30.129
0.095 30.277
0.096 30.426
0.098 30.566
0.099 30.706
0.101 30.837
0.102 30.964
0.104 31.087
0.106 31.215
0.107 31.344
0.109 31.464
0.110 31.581
0.112 31.699
0.114 31.815
0.115 31.930
0.117 32.039
0.118 32.135
0.120 32.228
0.121 32.319
0.123 32.409
0.125 32.491
0.126 32.557
0.128 32.623
0.129 32.687
0.131 32.744
0.132 32.799
0.134 32.862
0.136 32.916
0.137 32.963
0.139 33.005
0.140 33.045
0.142 33.084
0.143 33.115
0.145 33.139
0.147 33.162
0.148 33.187
0.150 33.211
0.151 33.235
0.153 33.251
0.154 33.261
0.156 33.265
0.158 33.269
0.159 33.272
0.161 33.275
0.162 33.274
0.164 33.266
0.166 33.252
0.167 33.230
0.169 33.206
0.170 33.184
0.172 33.160
0.173 33.133
0.175 33.101
0.177 33.069
0.178 33.039
0.180 33.010
0.181 32.981
0.183 32.961
0.184 32.952
0.186 32.947
0.188 32.940
0.189 32.931
0.191 32.921
0.192 32.915
0.194 32.920
0.195 32.926
0.197 32.932
0.199 32.939
0.200 32.951
0.202 32.965
0.203 32.985
0.205 33.003
0.207 33.019
0.208 33.035
0.210 33.051
0.211 33.066
0.213 33.082
0.214 33.097
0.216 33.114
0.218 33.135
0.219 33.156
0.221 33.178
0.222 33.198
0.224 33.220
0.225 33.247
0.227 33.279
0.229 33.315
0.230 33.353
0.232 33.394
0.233 33.434
0.235 33.478
0.236 33.522
0.238 33.563
0.240 33.607
0.241 33.656
0.243 33.707
0.244 33.769
0.246 33.831
0.248 33.901
0.249 33.974
0.251 34.067
0.252 34.160
0.254 34.270
0.255 34.384
0.257 34.524
0.259 34.667
0.260 34.849
0.262 35.046
0.263 35.267
0.265 35.500
0.266 35.750
0.268 36.014
0.270 36.336
0.271 36.699
0.273 37.076
0.274 37.476
0.276 37.879
0.277 38.304
0.279 38.785
0.281 39.333
0.282 39.887
0.284 40.450
0.285 41.017
0.287 41.591
0.288 42.210
0.290 42.869
0.292 43.532
0.293 44.211
0.295 44.910
0.296 45.626
0.298 46.345
0.300 47.071
0.301 47.795
0.303 48.536
0.304 49.295
0.306 50.069
0.307 50.840
0.309 51.596
0.311 52.345
0.312 53.091
0.314 53.821
0.315 54.547
0.317 55.266
0.318 55.953
0.320 56.625
0.322 57.284
0.323 57.943
0.325 58.608
0.326 59.268
0.328 59.887
0.329 60.492
0.331 61.080
0.333 61.659
0.334 62.230
0.336 62.786
0.337 63.254
0.339 63.711
0.341 64.148
0.342 64.566
0.344 64.973
0.345 65.361
0.347 65.694
0.348 66.021
0.350 66.330
0.352 66.614
0.353 66.889
0.355 67.164
0.356 67.415
0.358 67.662
0.359 67.902
0.361 68.113
0.363 68.312
0.364 68.499
0.366 68.657
0.367 68.812
0.369 68.963
0.370 69.093
0.372 69.217
0.374 69.337
0.375 69.445
0.377 69.549
0.378 69.652
0.380 69.743
0.382 69.830
0.383 69.916
0.385 69.976
0.386 70.021
0.388 70.065
0.389 70.102
0.391 70.133
0.393 70.165
0.394 70.198
0.396 70.232
0.397 70.267
0.399 70.299
0.400 70.331
0.402 70.364
0.404 70.396
0.405 70.418
0.407 70.439
0.408 70.455
0.410 70.457
0.411 70.458
0.413 70.459
0.415 70.458
0.416 70.457
0.418 70.458
0.419 70.464
0.421 70.472
0.422 70.480
0.424 70.486
0.426 70.489
0.427 70.493
0.429 70.497
0.430 70.503
0.432 70.508
0.434 70.505
0.435 70.501
0.437 70.497
0.438 70.485
0.440 70.466
0.441 70.445
0.443 70.422
0.445 70.399
0.446 70.376
0.448 70.358
0.449 70.346
0.451 70.333
0.452 70.316
0.454 70.297
0.456 70.277
0.457 70.256
0.459 70.232
0.460 70.211
0.462 70.198
0.463 70.185
0.465 70.170
0.467 70.155
0.468 70.142
0.470 70.126
0.471 70.111
0.473 70.098
0.475 70.088
0.476 70.079
0.478 70.076
0.479 70.065
0.481 70.058
0.482 70.055
0.484 70.054
0.486 70.054
0.487 70.052
0.489 70.049
0.490 70.052
0.492 70.056
0.493 70.058
0.495 70.056
0.497 70.059
0.498 70.063
0.500 70.072
0.501 70.083
0.503 70.097
0.504 70.110
0.506 70.124
0.508 70.140
0.509 70.154
0.511 70.156
0.512 70.166
0.514 70.180
0.516 70.190
0.517 70.198
0.519 70.204
0.520 70.209
0.522 70.212
0.523 70.213
0.525 70.217
0.527 70.228
0.528 70.237
0.530 70.243
0.531 70.248
0.533 70.247
0.534 70.244
0.536 70.237
0.538 70.227
0.539 70.203
0.541 70.175
0.542 70.138
0.544 70.102
0.545 70.048
0.547 69.990
0.549 69.905
0.550 69.816
0.552 69.721
0.553 69.618
0.555 69.499
0.556 69.379
0.558 69.214
0.560 69.035
0.561 68.851
0.563 68.657
0.564 68.444
0.566 68.223
0.568 67.938
0.569 67.633
0.571 67.324
0.572 67.002
0.574 66.653
0.575 66.284
0.577 65.866
0.579 65.428
0.580 64.979
0.582 64.520
0.583 64.045
0.585 63.551
0.586 62.992
0.588 62.426
0.590 61.847
0.591 61.265
0.593 60.680
0.594 60.084
0.596 59.476
0.597 58.855
0.599 58.223
0.601 57.588
0.602 56.951
0.604 56.307
0.605 55.659
0.607 54.989
0.609 54.309
0.610 53.629
0.612 52.948
0.613 52.273
0.615 51.619
0.616 50.963
0.618 50.293
0.620 49.628
0.621 48.958
0.623 48.288
0.624 47.642
0.626 47.022
0.627 46.407
0.629 45.808
0.631 45.206
0.632 44.609
0.634 44.032
0.635 43.481
0.637 42.936
0.638 42.403
0.640 41.878
0.642 41.361
0.643 40.858
0.645 40.374
0.646 39.902
0.648 39.435
0.650 38.979
0.651 38.526
0.653 38.079
0.654 37.641
0.656 37.212
0.657 36.788
0.659 36.367
0.661 35.962
0.662 35.576
0.664 35.209
0.665 34.854
0.667 34.500
0.668 34.149
0.670 33.807
0.672 33.475
0.673 33.158
0.675 32.836
0.676 32.516
0.678 32.198
0.679 31.888
0.681 31.585
0.683 31.303
0.684 31.030
0.686 30.756
0.687 30.487
0.689 30.227
0.691 29.981
0.692 29.757
0.694 29.533
0.695 29.312
0.697 29.094
0.698 28.886
0.700 28.680
0.702 28.475
0.703 28.274
0.705 28.074
0.706 27.879
0.708 27.687
0.709 27.495
0.711 27.310
0.713 27.132
0.714 26.953
0.716 26.772
0.717 26.593
0.719 26.417
0.720 26.259
0.722 26.110
0.724 25.962
0.725 25.818
0.727 25.678
0.728 25.541
0.730 25.418
0.731 25.301
0.733 25.183
0.735 25.068
0.736 24.955
0.738 24.851
0.739 24.760
0.741 24.680
0.743 24.601
0.744 24.522
0.746 24.437
0.747 24.354
0.749 24.278
0.750 24.208
0.752 24.138
0.754 24.068
0.755 24.001
0.757 23.940
0.758 23.896
0.760 23.862
0.761 23.828
0.763 23.794
0.765 23.759
0.766 23.726
0.768 23.683
0.769 23.640
0.771 23.596
0.772 23.552
0.774 23.507
0.776 23.463
0.777 23.420
0.779 23.374
0.780 23.329
0.782 23.283
0.784 23.238
0.785 23.193
0.787 23.147
